4.978350e+002 4.431244e+002 4.977224e+002 4.993742e+002 2
4.978684e+002 5.418748e+002 4.978329e+002 5.931248e+002 2
4.976952e+002 6.068761e+002 4.977488e+002 6.281260e+002 1
3.157054e+002 6.603234e+002 2.357197e+002 6.390195e+002 0
1.094108e+002 4.697783e+002 8.939367e+001 4.689330e+002 5
3.370083e+002 5.181516e+002 3.379585e+002 5.581290e+002 1
3.938623e+002 6.812740e+002 3.230489e+002 6.621568e+002 0
1.153700e+002 6.592184e+002 1.371550e+002 6.673775e+002 0
4.939190e+001 5.107849e+002 2.069805e+001 5.138165e+002 5
1.456609e+002 5.277595e+002 1.743794e+002 5.305801e+002 0
1.703175e+002 5.351768e+002 1.491679e+002 5.320070e+002 0
3.930370e+002 5.219265e+002 4.404891e+002 5.251348e+002 0
3.467535e+002 6.188934e+002 3.154943e+002 6.139521e+002 0
4.555542e+002 6.410184e+002 4.130796e+002 6.333776e+002 0
6.239601e-001 5.293658e+002 2.202492e+001 5.269570e+002 5
4.066773e+001 5.224462e+002 4.247497e+000 5.251703e+002 5
2.469608e+002 5.989584e+002 2.143005e+002 5.922368e+002 0
9.317975e+001 4.861962e+002 1.657120e+002 4.920466e+002 0
1.532620e+002 5.219040e+002 1.284131e+002 5.245653e+002 5
3.859092e+002 5.219080e+002 3.876613e+002 5.731835e+002 1
1.745347e+002 6.212809e+002 1.364282e+002 6.110372e+002 0
4.444504e+002 4.990789e+002 4.043629e+002 4.971230e+002 0
3.827631e+002 6.271802e+002 3.505531e+002 6.196839e+002 0
2.693007e+002 5.127847e+002 2.954783e+002 5.149219e+002 0
3.005522e+002 5.153449e+002 3.356362e+002 5.179762e+002 0
1.194036e+002 5.914484e+002 9.426518e+001 5.897628e+002 3
1.356324e+002 6.105997e+002 1.021943e+002 6.007869e+002 0
3.442539e+002 5.186040e+002 3.855640e+002 5.214966e+002 0
3.968648e+002 4.962219e+002 3.768502e+002 4.965337e+002 0
1.144508e+002 6.820603e+002 3.700164e+001 6.481940e+002 0
2.451103e+002 4.581319e+002 2.458780e+002 5.156216e+002 1
3.583162e+002 6.250425e+002 3.778527e+002 6.314547e+002 0
9.849410e+001 6.019408e+002 3.015005e+001 5.806384e+002 0
2.856407e+002 4.925498e+002 2.631233e+002 4.919363e+002 0
4.958429e+002 6.497004e+002 4.757788e+002 6.449722e+002 0
8.318006e+001 4.698181e+002 4.310049e+001 4.711215e+002 5
3.117051e+002 1.343926e+002 3.234765e+002 2.482179e+002 4
7.684852e+001 4.367231e+002 1.268779e+002 4.357781e+002 0
8.954140e+001 4.979540e+002 5.807586e+001 5.028064e+002 5
4.957413e+002 4.986929e+002 4.594028e+002 4.973648e+002 0
4.959734e+002 6.754312e+002 4.641625e+002 6.677557e+002 0
4.977054e+002 5.018734e+002 4.977808e+002 5.406257e+002 2
3.257822e+002 6.700812e+002 3.053240e+002 6.641660e+002 0
1.645557e+002 4.908107e+002 1.886444e+002 4.673741e+002 7
4.492922e+002 5.912413e+002 4.293168e+002 5.885586e+002 0
3.044669e+002 6.640482e+002 2.256269e+002 6.418683e+002 0
1.759120e+002 6.271180e+002 1.166326e+002 6.102256e+002 0
2.933571e+002 5.343704e+002 2.939545e+002 5.643834e+002 1
8.127079e+001 3.205676e+002 8.061033e+001 3.419132e+002 1
1.217949e+002 6.758316e+002 9.452008e+001 6.652510e+002 0
7.316273e+001 3.513978e+002 5.060607e+001 3.496145e+002 3
1.802932e+002 3.818450e+002 1.775188e+002 2.968540e+002 2
4.742693e+002 6.673345e+002 4.958168e+002 6.722910e+002 0
1.840563e+002 2.880904e+002 1.877801e+002 3.881843e+002 2
1.956764e+002 3.043720e+002 2.037019e+002 4.444136e+002 2
7.991216e+001 3.718825e+002 7.928218e+001 4.168737e+002 1
1.868556e+002 4.673633e+002 1.180652e+002 4.646323e+002 0
7.187117e+001 4.540515e+002 4.812450e+001 4.543327e+002 0
2.105052e+002 3.567932e+002 2.167644e+002 4.432235e+002 2
2.326778e+002 4.593879e+002 2.321942e+002 4.893802e+002 1
2.492674e+002 4.417846e+002 2.443210e+002 3.792804e+002 2
3.880983e+002 4.344252e+002 4.256910e+002 4.335875e+002 0
1.738235e+002 3.356573e+002 1.802026e+002 4.443998e+002 2
2.216286e+002 3.243063e+002 2.297627e+002 4.431840e+002 2
2.391365e+002 2.618716e+002 2.403816e+002 1.756215e+002 1
2.345206e+002 3.167755e+002 2.435360e+002 4.431848e+002 2
4.730534e+002 4.317054e+002 4.956850e+002 4.305642e+002 0
2.221055e+002 4.431059e+002 2.184726e+002 3.992427e+002 2
2.310367e+002 5.054306e+002 2.334120e+002 5.257377e+002 1
2.496610e+002 3.330128e+002 2.577159e+002 4.432462e+002 2
1.622780e+002 3.268522e+002 1.688029e+002 4.419783e+002 2
3.038336e+002 5.631935e+002 3.009516e+002 5.404254e+002 1
1.906900e+002 3.493730e+002 1.898763e+002 3.231095e+002 2
2.350027e+002 4.431665e+002 2.268328e+002 3.206278e+002 2
3.505854e+002 4.358502e+002 3.756928e+002 4.348805e+002 0
2.619059e+002 4.388286e+002 2.919029e+002 4.375092e+002 0
3.777685e+002 4.268902e+002 3.766463e+002 4.005815e+002 1
1.520203e+002 5.840162e+002 1.768925e+002 5.852803e+002 3
4.620816e+002 6.699138e+002 4.335598e+002 6.616283e+002 0
1.879877e+002 3.892885e+002 1.922751e+002 4.444411e+002 2
3.668960e+002 6.469410e+002 3.418596e+002 6.464979e+002 3
2.804713e+002 2.056303e+002 2.780515e+002 1.356275e+002 1
4.299232e+001 6.559256e+002 9.884405e+001 6.805779e+002 0
7.187540e+001 4.352414e+002 4.937411e+001 4.352177e+002 0
7.318781e+001 3.325062e+002 5.190331e+001 3.303460e+002 3
1.558501e+002 4.068568e+002 1.587889e+002 4.431724e+002 2
1.836319e+002 4.268386e+002 1.805786e+002 3.843783e+002 2
3.006096e+002 4.377940e+002 3.281663e+002 4.365144e+002 0
1.967411e+002 4.444707e+002 1.905040e+002 3.542969e+002 2
3.231317e+002 2.493144e+002 3.271777e+002 3.331707e+002 1
1.710047e+002 4.131053e+002 1.673704e+002 3.430993e+002 2
1.518333e+002 3.243769e+002 1.554409e+002 4.044396e+002 2
3.687617e+001 3.406556e+001 7.438037e+001 3.420770e+001 3
7.063734e+001 4.637521e+002 4.937098e+001 4.641704e+002 0
1.414707e+002 3.281477e+002 1.480043e+002 4.443818e+002 2
1.959757e+002 8.447605e+001 2.008772e+002 1.280967e+002 6
3.546439e+002 6.782289e+002 3.253754e+002 6.713614e+002 0
3.452246e+001 2.768712e+002 3.504325e+001 2.969226e+002 1
1.524423e+002 4.444340e+002 1.487616e+002 4.018200e+002 2
7.586275e+001 6.575829e+002 3.797571e+001 6.409654e+002 0
2.086347e+002 4.418430e+002 2.017363e+002 3.318837e+002 2
2.382618e+002 4.793712e+002 2.376684e+002 4.581029e+002 1
7.186781e+001 4.070573e+002 4.935354e+001 4.061688e+002 3
2.086107e+002 1.943719e+002 2.096512e+002 3.556393e+002 1
2.180250e+002 3.943114e+002 2.147033e+002 3.342877e+002 2
2.526083e+002 4.820296e+002 2.515727e+002 4.618264e+002 1
2.071321e+001 6.304203e+002 4.693925e+001 6.417260e+002 0
1.628193e+002 4.430407e+002 1.605844e+002 4.180170e+002 2
1.674377e+002 3.406275e+002 1.671855e+002 2.718739e+002 1
2.441522e+002 3.742986e+002 2.420127e+002 3.455218e+002 1
4.189602e+001 4.826136e+002 8.439717e+001 4.814038e+002 5
2.790827e+002 1.000007e+002 3.018434e+002 1.069779e+002 5
4.935661e+001 3.995363e+002 7.061536e+001 4.019596e+002 3
1.738886e+002 4.444202e+002 1.714370e+002 4.180495e+002 2
1.749799e+002 2.193470e+002 1.732454e+002 3.368768e+002 1
1.423006e+002 4.444453e+002 1.387739e+002 4.030697e+002 2
2.381995e+002 6.353365e+002 3.159969e+002 6.554355e+002 0
1.603191e+001 3.568411e+002 1.788841e+001 3.106657e+002 1
2.246505e+002 4.818650e+002 2.238808e+002 4.606429e+002 1
2.062970e+001 5.731092e+002 1.308942e+002 6.059716e+002 0
2.019089e+002 3.306350e+002 2.012186e+002 2.468701e+002 1
1.490125e+002 3.993951e+002 1.469345e+002 3.618026e+002 2
2.760645e+002 5.545025e+002 2.725497e+002 5.321622e+002 1
2.918662e+002 2.306253e+002 2.883136e+002 1.331637e+002 1
1.604607e+002 4.131371e+002 1.585328e+002 3.868451e+002 2
2.520676e+002 4.143611e+002 2.452785e+002 3.206501e+002 2
2.388337e+002 5.243793e+002 2.386654e+002 5.031207e+002 1
3.956525e+002 4.846575e+002 3.581118e+002 4.835911e+002 0
3.481251e+002 4.831200e+002 3.193811e+002 4.827029e+002 0
4.206111e+002 4.524377e+002 4.543978e+002 4.517552e+002 0
4.977190e+002 1.874996e+000 4.977177e+002 1.406250e+002 2
3.480009e+002 5.618915e+002 3.438186e+002 5.305325e+002 1
2.860082e+002 1.906182e+002 2.854307e+002 1.581062e+002 1
3.368748e+002 4.856342e+002 3.706363e+002 4.861887e+002 0
1.495049e+002 2.493881e+002 1.497297e+002 2.256284e+002 1
2.632854e+002 5.131187e+002 2.641155e+002 5.343851e+002 1
2.940948e+002 1.318300e+002 2.956673e+002 1.656811e+002 1
1.586065e+002 3.843515e+002 1.574470e+002 3.605971e+002 2
2.013595e+002 2.431595e+002 2.047691e+002 1.705848e+002 4
2.688323e+001 4.748513e+002 8.688692e+001 4.738148e+002 5
5.181866e+001 3.334816e+002 7.312926e+001 3.368480e+002 3
1.318403e+002 6.057476e+002 1.756246e+002 6.181264e+002 0
1.896002e+002 4.443547e+002 1.875677e+002 4.218125e+002 2
1.480700e+002 3.593798e+002 1.478644e+002 2.493778e+002 1
4.293753e+002 4.880950e+002 4.956312e+002 4.887368e+002 0
2.808894e+001 6.694110e+001 4.813768e+001 6.722282e+001 3
1.899476e+002 3.193654e+002 1.892746e+002 2.793557e+002 2
2.306500e+002 4.901923e+002 2.106444e+002 4.890383e+002 0
2.413380e+002 3.268918e+002 2.398918e+002 2.806089e+002 1
3.273088e+002 3.343741e+002 3.271962e+002 4.318783e+002 2
2.681164e+002 4.761044e+002 4.418775e+002 4.792352e+002 0
2.876552e+002 4.331397e+002 2.805406e+002 2.055886e+002 1
1.386386e+002 2.781626e+002 1.394113e+002 2.418758e+002 1
2.263432e+002 3.193703e+002 2.277610e+002 1.593607e+002 1
3.964211e+002 5.741794e+002 3.939956e+002 5.332958e+002 1
1.328207e+002 3.843928e+002 1.317917e+002 2.943759e+002 1
2.210479e+002 3.706612e+002 2.175474e+002 2.906503e+002 2
4.956245e+002 4.769481e+002 4.068701e+002 4.763169e+002 0
1.590873e+002 2.432652e+002 1.612326e+002 2.094135e+002 1
1.778572e+002 2.956432e+002 1.786239e+002 2.543611e+002 1
1.927577e+002 4.660608e+002 2.156704e+002 4.557257e+002 8
2.954864e+002 3.331288e+002 2.947326e+002 3.056152e+002 1
1.684390e+002 2.706749e+002 1.696760e+002 2.318846e+002 1
1.702923e+002 2.269411e+002 1.732805e+002 1.854561e+002 1
1.820214e+002 4.919427e+002 1.841685e+002 5.269643e+002 2
1.892158e+002 2.781593e+002 1.918145e+002 1.955838e+002 1
1.848381e+002 3.869038e+002 1.812275e+002 2.881487e+002 2
4.506254e+002 4.855900e+002 4.293640e+002 4.853500e+002 0
2.473382e+002 3.805884e+002 2.519864e+002 4.393662e+002 2
1.253003e+002 4.005832e+002 1.247666e+002 4.206686e+002 1
2.093805e+002 4.579527e+001 1.893683e+002 4.569359e+001 3
2.183883e+002 4.618678e+002 2.189337e+002 4.818870e+002 1
2.211020e+002 1.881236e+002 2.215008e+002 3.231298e+002 1
3.043778e+002 4.816917e+002 2.756154e+002 4.812520e+002 0
1.779762e+002 4.443868e+002 1.737118e+002 3.905785e+002 2
1.911872e+002 1.044691e+002 1.945453e+002 8.440350e+001 4
1.965817e+002 3.856372e+002 1.929494e+002 2.981323e+002 2
2.060093e+002 4.932184e+002 2.069457e+002 5.144271e+002 1
3.873382e+002 6.737694e+002 4.117528e+002 6.798643e+002 0
1.943291e+002 1.331205e+002 1.903788e+002 1.732239e+002 1
2.260998e+002 4.344344e+002 2.213049e+002 3.718229e+002 2
3.233132e+002 6.572413e+002 3.434640e+002 6.615333e+002 0
4.481256e+002 4.676208e+002 4.043746e+002 4.676584e+002 0
2.139607e+002 3.293749e+002 2.139866e+002 1.993747e+002 1
3.946942e+002 3.981084e+002 3.961225e+002 4.255340e+002 1
1.629803e+002 1.492301e+002 1.538649e+002 2.369519e+002 4
2.162133e+002 1.230738e+002 2.131166e+002 1.631243e+002 4
3.556227e+002 4.613653e+002 4.531263e+002 4.609190e+002 0
5.688430e+001 5.125496e+001 8.687756e+001 5.170475e+001 3
1.381294e+002 3.881248e+002 1.367156e+002 3.493352e+002 1
1.458678e+002 4.443576e+002 1.413994e+002 3.819090e+002 2
2.058588e+002 4.668659e+002 2.066841e+002 4.881324e+002 1
2.477339e+002 1.493764e+002 2.483977e+002 3.306377e+002 6
1.475939e+002 1.943476e+002 1.414572e+002 3.131034e+002 1
2.012374e+002 4.635148e+002 1.789422e+002 4.800412e+002 7
1.991649e+002 1.718051e+002 1.957790e+002 3.031290e+002 1
2.336776e+002 2.131035e+002 2.348863e+002 3.143987e+002 1
2.977885e+002 4.081317e+002 2.972673e+002 3.818672e+002 1
3.143699e+002 4.694695e+002 4.406276e+002 4.699520e+002 0
1.539762e+002 2.380867e+002 1.520032e+002 3.231280e+002 1
2.015540e+002 4.444016e+002 1.967942e+002 3.868817e+002 2
2.212135e+002 3.993282e+002 2.244975e+002 4.406153e+002 2
2.281134e+002 1.167734e+002 2.223668e+002 1.881646e+002 4
3.018705e+002 4.536546e+002 3.531263e+002 4.533365e+002 0
4.956395e+002 4.514324e+002 4.668763e+002 4.519489e+002 0
1.997048e+001 3.600018e+002 4.071821e+001 3.534188e+002 0
2.404535e+002 4.431388e+002 2.385359e+002 4.193419e+002 1
2.842636e+002 1.368550e+002 2.885583e+002 1.129781e+002 6
1.360319e+002 4.256909e+002 1.339700e+002 3.993090e+002 1
1.629251e+002 2.656241e+002 1.626425e+002 3.256286e+002 1
2.447257e+002 2.981208e+002 2.436068e+002 2.056343e+002 1
3.493824e+002 4.752847e+002 2.693658e+002 4.735461e+002 0
2.906959e+002 1.118863e+002 2.857054e+002 1.431378e+002 6
2.940908e+002 2.880868e+002 2.925093e+002 2.480999e+002 1
2.955973e+002 1.642994e+002 2.970731e+002 2.369218e+002 1
4.977170e+002 2.318750e+002 4.977107e+002 4.031250e+002 2
1.883725e+002 1.756346e+002 1.840474e+002 2.869109e+002 1
1.327827e+002 2.731846e+002 1.369728e+002 2.093814e+002 1
2.361051e+002 4.180829e+002 2.382967e+002 4.431100e+002 1
2.549066e+002 2.656359e+002 2.580600e+002 1.118224e+002 6
3.468799e+002 4.589496e+002 3.068739e+002 4.591894e+002 0
2.337027e+002 3.868316e+002 2.359658e+002 4.169433e+002 1
2.323654e+002 3.618499e+002 2.335199e+002 3.844187e+002 1
2.455522e+002 6.446324e+002 2.706641e+002 6.517367e+002 0
2.543634e+002 4.946402e+002 4.956454e+002 5.051581e+002 0
2.730794e+002 6.520240e+002 2.946083e+002 6.586125e+002 0
9.938520e+001 3.863207e+001 7.560536e+001 3.830566e+001 3
1.562264e+002 4.444239e+002 1.514176e+002 3.806595e+002 2
1.675920e+002 1.856657e+002 1.630571e+002 2.655502e+002 1
2.119540e+002 4.181181e+002 2.092155e+002 3.868890e+002 2
3.118755e+002 4.666410e+002 2.831256e+002 4.665797e+002 0
1.570399e+002 3.556273e+002 1.583716e+002 2.618963e+002 1
2.959178e+002 2.493699e+002 2.965756e+002 2.869022e+002 1
3.031543e+002 3.730551e+002 3.021278e+002 4.093114e+002 1
1.799540e+002 2.530284e+002 1.809821e+002 2.192717e+002 1
1.377340e+002 3.343897e+002 1.375170e+002 2.918654e+002 1
1.664861e+002 4.939697e+002 1.795763e+002 5.217802e+002 6
2.072622e+002 3.868451e+002 2.095832e+002 4.168589e+002 2
3.094058e+002 4.513210e+002 2.892596e+002 4.502018e+002 0
3.531093e+002 4.534250e+002 3.956184e+002 4.527242e+002 0
2.121653e+002 1.644761e+002 2.102819e+002 1.931845e+002 1
3.531367e+002 4.669669e+002 3.156153e+002 4.665864e+002 0
1.831929e+002 3.881200e+002 1.859529e+002 4.256927e+002 2
3.981198e+002 4.442091e+002 4.706271e+002 4.419423e+002 0
1.740771e+002 4.193984e+002 1.758389e+002 4.418582e+002 2
2.865831e+002 1.443421e+002 2.885551e+002 2.018603e+002 1
3.081317e+002 4.459695e+002 3.956473e+002 4.442829e+002 0
3.943785e+002 4.588321e+002 3.581232e+002 4.590117e+002 0
3.944105e+002 4.759598e+002 3.705510e+002 4.750353e+002 0
2.856020e+002 4.687243e+002 3.131095e+002 4.697797e+002 0
2.363743e+002 1.544080e+002 2.338447e+002 2.119067e+002 1
4.881341e+002 4.864111e+002 4.606201e+002 4.858736e+002 0
1.873719e+002 4.181789e+002 1.853111e+002 3.893975e+002 2
3.844100e+002 5.327233e+002 3.592742e+002 5.305313e+002 0
4.468774e+002 4.587528e+002 4.056232e+002 4.589128e+002 0
3.366270e+002 6.688682e+002 3.632502e+002 6.777497e+002 0
1.637375e+002 4.056581e+002 1.599062e+002 3.319124e+002 2
3.193763e+002 2.443749e+002 3.084405e+002 1.379641e+002 4
4.243763e+002 4.502006e+002 4.031227e+002 4.501350e+002 0
2.342987e+002 3.656295e+002 2.316093e+002 3.193904e+002 1
7.187389e+001 4.248964e+001 9.562608e+001 4.253264e+001 3
1.782692e+002 1.793845e+002 1.757222e+002 2.182134e+002 1
1.813597e+002 3.418475e+002 1.828093e+002 3.806368e+002 2
3.968796e+002 4.676241e+002 3.581099e+002 4.672671e+002 0
1.736832e+002 3.881574e+002 1.717519e+002 3.468808e+002 2
3.956224e+002 4.502600e+002 3.681238e+002 4.504585e+002 0
4.103578e+002 1.263583e+002 3.904354e+002 1.293714e+002 3
4.468671e+002 4.403981e+002 4.031268e+002 4.419271e+002 0
1.932410e+002 3.556187e+002 1.948799e+002 3.856656e+002 2
2.842738e+002 2.418782e+002 2.852187e+002 2.718878e+002 1
4.668641e+002 4.490295e+002 4.957035e+002 4.481233e+002 0
1.629758e+002 4.193875e+002 1.647612e+002 4.406974e+002 2
2.854481e+002 2.705913e+002 2.905072e+002 4.318787e+002 1
1.414284e+002 1.969873e+002 1.447812e+002 1.730070e+002 4
2.818504e+002 1.318760e+002 2.833106e+002 1.693678e+002 1
1.627200e+002 1.768249e+002 1.661247e+002 1.492822e+002 4
2.450036e+002 3.456668e+002 2.468521e+002 3.731265e+002 1
2.918790e+002 4.590766e+002 2.681334e+002 4.587562e+002 0
2.061463e+002 3.318822e+002 2.053012e+002 2.468782e+002 1
2.179651e+002 2.893748e+002 2.180412e+002 2.018749e+002 1
2.406110e+002 1.506241e+002 2.432403e+002 1.106326e+002 1
2.668744e+002 4.536207e+002 2.931254e+002 4.535996e+002 0
1.710557e+002 3.356332e+002 1.704278e+002 2.731270e+002 1
2.456702e+002 3.193739e+002 2.451460e+002 2.981368e+002 1
2.614443e+002 1.118624e+002 2.578697e+002 2.343676e+002 6
3.493848e+002 4.507322e+002 3.143686e+002 4.509839e+002 0
3.880154e+002 6.635432e+002 4.258631e+002 6.734670e+002 0
6.249429e-001 7.914699e-001 4.956250e+002 7.653752e-001 3
1.928746e+002 2.768677e+002 1.951797e+002 1.981120e+002 1
2.091759e+002 3.856354e+002 2.065687e+002 3.356410e+002 2
2.706413e+002 5.592642e+002 2.907581e+002 5.622187e+002 0
2.822352e+002 1.906115e+002 2.841136e+002 2.406348e+002 1
3.607038e+002 5.524053e+002 3.844428e+002 5.550061e+002 0
7.922235e+001 6.335381e+002 1.219002e+002 6.493067e+002 0
3.068745e+002 4.613871e+002 3.468758e+002 4.613440e+002 0
4.743743e+002 4.696541e+002 4.956273e+002 4.697079e+002 0
2.315659e+002 3.181288e+002 2.302255e+002 2.106300e+002 1
2.522511e+002 1.268368e+002 2.513740e+002 1.469077e+002 1
1.956395e+002 1.931261e+002 1.972297e+002 1.719016e+002 1
4.076310e+002 5.681533e+002 4.061935e+002 5.430924e+002 1
1.818750e+002 2.868750e+002 1.818750e+002 2.556250e+002 2
1.540397e+002 1.555793e+002 1.489090e+002 1.932318e+002 4
4.493732e+002 4.696116e+002 4.718912e+002 4.697864e+002 0
1.700358e+002 1.159550e+002 1.895766e+002 1.034398e+002 0
2.143741e+002 4.477000e+002 2.431239e+002 4.476382e+002 0
2.426492e+001 3.850058e+002 4.451385e+001 3.814061e+002 0
1.726812e+002 1.530671e+002 1.682903e+002 1.867335e+002 4
2.242966e+002 6.296406e+002 1.852573e+002 6.181212e+002 0
8.163463e+000 6.067714e+002 2.818761e+001 6.142064e+002 0
2.160003e+002 1.606563e+002 2.187146e+002 1.280700e+002 4
1.822200e+002 1.769114e+002 1.863184e+002 1.380663e+002 1
3.956229e+002 4.417993e+002 3.618642e+002 4.427368e+002 0
4.568478e+002 4.807257e+002 4.956066e+002 4.811313e+002 0
1.504768e+002 2.232635e+002 1.556987e+002 1.817271e+002 4
2.279768e+002 1.568640e+002 2.306843e+002 1.205363e+002 1
2.856115e+002 4.463430e+002 3.056303e+002 4.458329e+002 0
2.439599e+002 2.043611e+002 2.447555e+002 1.806378e+002 1
2.881253e+002 4.440490e+002 2.643753e+002 4.440278e+002 0
1.408796e+002 3.793877e+002 1.404973e+002 3.493766e+002 1
1.532504e+002 1.806396e+002 1.564575e+002 1.530764e+002 4
2.579888e+002 3.219277e+002 2.558946e+002 2.668173e+002 1
2.043573e+002 1.668736e+002 2.061589e+002 1.443178e+002 1
2.427986e+002 2.806307e+002 2.432115e+002 3.043735e+002 1
2.049877e+002 3.405971e+002 2.069779e+002 3.843703e+002 2
2.303960e+002 2.068620e+002 2.323788e+002 1.719036e+002 1
3.219263e+002 2.981223e+002 3.191147e+002 2.455721e+002 1
3.943892e+002 5.077952e+002 4.393597e+002 5.097305e+002 0
2.164132e+001 3.020783e+002 4.416205e+001 3.056994e+002 3
1.931793e+002 1.718800e+002 1.960620e+002 1.405502e+002 4
4.318799e+002 5.367889e+002 4.068901e+002 5.353602e+002 0
2.053941e+002 2.443685e+002 2.064917e+002 2.056142e+002 1
1.656191e+002 6.656408e+002 1.856329e+002 6.731038e+002 0
2.172203e+002 3.344234e+002 2.200267e+002 3.869070e+002 2
2.075061e+002 1.881627e+002 2.087788e+002 1.668394e+002 1
2.891175e+002 2.081335e+002 2.964272e+002 4.293485e+002 1
2.944381e+002 4.293729e+002 2.875917e+002 2.206015e+002 1
3.900360e+002 4.244057e+002 3.887274e+002 3.992785e+002 1
2.998301e+002 2.556049e+002 3.017647e+002 2.993799e+002 1
2.766153e+002 6.365716e+002 3.070670e+002 6.449251e+002 0
1.716429e+002 1.818478e+002 1.741330e+002 1.605966e+002 1
2.514931e+001 3.675920e+002 4.568835e+001 3.621125e+002 0
1.921794e+002 8.864032e+001 1.742796e+002 9.921355e+001 0
2.291486e+002 6.787791e+002 1.805921e+002 6.619702e+002 0
2.583045e+002 2.356201e+002 2.608835e+002 3.294023e+002 1
3.227320e+002 3.206393e+002 3.220029e+002 3.005749e+002 1
3.230382e+002 4.156251e+002 3.229819e+002 3.218743e+002 2
2.191903e+002 1.831099e+002 2.209217e+002 1.618992e+002 1
2.293750e+002 2.743750e+002 2.293750e+002 3.131250e+002 1
2.660355e+002 4.331852e+002 2.637863e+002 4.018276e+002 1
2.635082e+002 4.006896e+002 2.577256e+002 3.230616e+002 2
1.881241e+002 4.480706e+002 2.093689e+002 4.477368e+002 0
2.329913e+002 1.668725e+002 2.334663e+002 1.418815e+002 1
2.657315e+002 4.031142e+002 2.687744e+002 4.331858e+002 1
1.191196e+002 6.400731e+002 7.569534e+001 6.241828e+002 0
2.304422e+002 3.256298e+002 2.310269e+002 3.481470e+002 1
3.918764e+002 5.143506e+002 4.356219e+002 5.169267e+002 0
2.569767e+002 6.665459e+002 2.105285e+002 6.521871e+002 0
1.468181e+002 6.320526e+002 1.170664e+002 6.225270e+002 0
1.929874e+002 8.289275e+001 1.756499e+002 9.316707e+001 0
1.806851e+002 6.642018e+002 2.266092e+002 6.801408e+002 0
2.614768e+002 3.318990e+002 2.654001e+002 3.968886e+002 2
2.071495e+001 3.497583e+002 4.343072e+001 3.444278e+002 0
6.328210e+001 6.051910e+002 4.430402e+001 5.983211e+002 0
2.446906e+002 1.343593e+002 2.442484e+002 1.606229e+002 1
3.073509e+002 1.718719e+002 3.075349e+002 2.006288e+002 1
1.594901e+002 6.252183e+002 1.968297e+002 6.357852e+002 0
1.994711e+002 6.365314e+002 2.280810e+002 6.445323e+002 0
3.040040e+002 1.392840e+002 3.071163e+002 1.693500e+002 1
8.309815e+001 6.294496e+002 1.169598e+002 6.416395e+002 0
