1.406309e+003 1.616853e+003 1.379823e+003 1.604653e+003 0
1.613532e+003 1.713491e+003 1.585071e+003 1.700366e+003 0
1.507745e+003 1.663946e+003 1.461011e+003 1.642292e+003 0
1.460542e+003 1.642055e+003 1.406637e+003 1.617395e+003 0
1.729070e+003 1.717544e+003 1.694437e+003 1.701738e+003 0
1.698175e+003 1.753020e+003 1.672966e+003 1.740958e+003 0
1.346847e+003 1.589435e+003 1.314277e+003 1.574591e+003 0
1.577363e+003 1.697168e+003 1.551464e+003 1.683978e+003 0
1.313749e+003 1.574511e+003 1.261130e+003 1.550756e+003 0
1.672859e+003 1.741017e+003 1.614086e+003 1.713567e+003 0
1.281177e+003 1.565699e+003 1.339969e+003 1.593273e+003 0
1.376508e+003 1.610018e+003 1.425042e+003 1.633100e+003 0
1.439619e+003 1.640093e+003 1.491508e+003 1.663924e+003 0
1.620571e+003 1.724303e+003 1.675428e+003 1.749798e+003 0
1.245759e+003 1.544092e+003 1.224037e+003 1.533842e+003 0
1.340374e+003 1.593492e+003 1.375933e+003 1.610137e+003 0
1.223675e+003 1.539417e+003 1.257377e+003 1.554767e+003 0
1.256543e+003 1.554818e+003 1.280647e+003 1.565575e+003 0
1.491967e+003 1.664178e+003 1.517387e+003 1.675966e+003 0
1.696088e+003 1.759642e+003 1.725948e+003 1.773689e+003 0
1.551304e+003 1.684385e+003 1.523222e+003 1.671661e+003 0
1.533096e+003 1.683181e+003 1.552957e+003 1.693450e+003 0
1.597796e+003 1.713824e+003 1.620063e+003 1.724317e+003 0
1.174375e+003 6.581776e-001 1.120626e+003 8.602980e-001 0
1.591495e+003 1.696431e+003 1.568752e+003 1.685694e+003 0
9.331250e+002 8.123260e-001 4.731250e+002 8.730719e-001 23
1.248125e+003 8.168606e-001 1.175625e+003 8.610256e-001 0
1.119375e+003 7.709296e-001 1.085625e+003 7.964409e-001 0
1.080623e+003 8.325076e-001 1.058125e+003 6.063766e-001 0
1.584375e+003 8.458034e-001 1.339375e+003 8.227309e-001 23
1.313125e+003 8.669411e-001 1.268125e+003 8.088906e-001 0
1.548957e+003 1.676512e+003 1.527715e+003 1.666494e+003 0
1.254656e+003 1.509962e+003 1.279889e+003 1.520662e+003 0
1.309745e+003 1.395667e+003 1.292557e+003 1.383959e+003 15
1.485067e+003 1.608114e+003 1.409506e+003 1.574084e+003 0
9.793753e+002 7.282742e-001 9.368758e+002 8.655146e-001 0
7.596843e+002 9.357017e+002 7.771174e+002 8.653752e+002 11
8.852322e+002 6.731660e+002 8.798638e+002 6.216937e+002 14
8.809622e+002 7.121220e+002 8.842591e+002 6.742560e+002 29
4.122750e+002 5.774426e+002 3.951622e+002 5.987570e+002 26
8.787681e+002 6.207692e+002 8.716851e+002 5.909672e+002 3
1.340966e+003 1.189949e+003 1.318006e+003 1.178361e+003 15
4.756347e+002 5.690755e+002 4.381284e+002 5.688396e+002 10
1.510326e+003 1.623805e+003 1.543089e+003 1.638208e+003 0
7.197973e+002 8.407602e+002 7.294359e+002 8.106445e+002 20
1.464012e+003 1.602675e+003 1.509899e+003 1.623477e+003 0
6.145165e+002 1.110423e+003 5.942853e+002 1.111669e+003 8
1.543440e+003 1.638677e+003 1.580217e+003 1.655278e+003 0
5.180339e+002 3.688337e+002 4.929044e+002 3.730649e+002 12
7.292203e+002 8.095851e+002 7.677562e+002 7.575273e+002 30
1.396063e+003 1.572158e+003 1.445071e+003 1.594349e+003 0
7.298375e+002 8.275435e+002 7.237587e+002 8.488423e+002 20
2.019957e+002 1.058442e+003 1.768341e+002 1.068017e+003 4
4.936811e+002 1.228665e+002 5.095107e+002 2.334634e+002 1
7.892678e+002 8.368260e+002 8.071725e+002 7.976892e+002 19
8.001727e+002 7.185621e+002 8.192529e+002 6.837430e+002 19
7.137394e+002 8.919357e+002 7.179539e+002 8.492347e+002 11
8.130026e+002 8.023832e+002 7.853662e+002 8.636949e+002 19
3.043346e+002 1.020516e+003 2.012216e+002 1.058868e+003 4
1.395351e+003 1.559940e+003 1.376737e+003 1.550910e+003 0
7.832905e+002 8.690825e+002 7.703331e+002 9.171334e+002 11
1.453729e+003 1.605573e+003 1.410091e+003 1.585331e+003 0
1.445555e+003 1.594528e+003 1.467384e+003 1.604512e+003 0
1.591222e+003 1.675637e+003 1.549927e+003 1.655730e+003 0
8.747787e+002 5.864471e+002 8.912598e+002 6.501373e+002 3
8.916892e+002 6.946324e+002 8.822832e+002 7.335260e+002 20
8.642387e+002 3.034948e+002 1.528127e+003 3.593461e+002 0
1.791875e+003 8.496818e-001 1.738125e+003 8.534483e-001 0
4.957797e+002 5.777233e+002 4.762671e+002 5.702079e+002 0
5.827837e+002 7.681926e+002 5.747900e+002 7.277955e+002 1
7.768837e+002 8.649401e+002 7.897228e+002 8.363423e+002 19
1.491942e+003 1.599782e+003 1.468312e+003 1.590165e+003 0
7.171933e+002 9.420353e+002 7.135889e+002 8.929990e+002 9
8.906840e+002 6.506246e+002 8.909973e+002 6.943813e+002 14
1.569585e+003 1.690168e+003 1.589419e+003 1.699279e+003 0
5.687927e+002 5.880137e+002 5.809528e+002 6.609870e+002 1
8.215789e+002 7.062797e+002 7.968771e+002 7.422685e+002 30
8.322663e+002 6.802343e+002 8.204834e+002 7.061293e+002 19
8.726787e+002 5.259943e+002 8.977260e+002 5.060537e+002 26
2.426875e+003 8.008670e-001 2.154375e+003 8.663400e-001 23
5.498141e+002 4.778317e+002 5.688040e+002 5.871912e+002 1
4.383990e+002 5.688917e+002 4.123492e+002 5.782018e+002 12
4.875149e+002 3.755157e+002 5.029104e+002 4.656617e+002 1
6.102446e+002 1.172430e+003 6.760513e+002 1.136404e+003 4
7.488667e+002 7.948290e+002 7.292829e+002 8.268186e+002 30
1.337065e+003 1.541449e+003 1.285047e+003 1.518167e+003 0
1.549415e+003 1.655545e+003 1.530891e+003 1.646340e+003 0
1.686763e+002 1.070869e+003 8.770731e+001 1.100743e+003 4
5.215860e+002 6.569341e+002 5.079856e+002 5.903980e+002 1
8.329655e+002 6.323371e+002 8.558288e+002 5.914377e+002 19
1.106432e+003 1.898632e+000 1.108038e+003 3.201297e+001 3
1.559501e+003 1.626608e+003 1.541390e+003 1.618045e+003 0
1.611831e+003 1.685722e+003 1.591517e+003 1.676406e+003 0
4.847850e+002 7.659836e+001 4.920816e+002 1.203822e+002 1
7.689081e+002 9.169768e+002 7.658295e+002 9.406516e+002 11
3.445240e+002 1.006041e+003 3.047084e+002 1.020306e+003 4
8.718624e+002 7.351334e+002 8.810439e+002 7.115515e+002 11
9.944454e+002 8.937043e+001 9.958308e+002 1.106928e+002 3
3.440303e+001 1.120705e+003 1.200737e+001 1.128505e+003 4
1.540373e+003 1.618606e+003 1.516322e+003 1.606716e+003 0
1.524618e+003 1.668867e+003 1.545812e+003 1.678984e+003 0
5.178120e+002 1.042005e+003 5.447520e+002 1.034473e+003 5
1.319047e+003 1.537594e+003 1.339380e+003 1.546863e+003 0
1.455979e+003 1.584886e+003 1.428249e+003 1.571615e+003 0
1.847121e+003 1.836818e+003 1.857860e+003 1.883186e+003 23
8.981511e+002 5.381575e+002 9.211257e+002 5.196926e+002 26
1.873941e+003 1.933963e+003 1.854013e+003 1.893928e+003 20
1.848776e+003 1.879808e+003 1.839587e+003 1.840575e+003 23
2.133270e+003 1.891207e+003 2.119714e+003 1.865447e+003 19
1.580582e+003 1.655497e+003 1.614142e+003 1.670910e+003 0
9.880746e+002 5.292364e+002 9.569562e+002 5.303649e+002 10
7.683986e+002 7.586128e+002 7.992921e+002 7.190360e+002 30
8.314764e+002 2.306583e+002 8.439133e+002 3.794136e+002 14
4.747126e+002 1.786476e+001 4.813267e+002 5.821488e+001 1
7.473005e+002 3.730744e+002 7.431638e+002 3.382690e+002 1
8.669908e+002 5.770776e+002 8.648459e+002 5.518350e+002 14
8.922115e+002 3.834651e+002 9.110609e+002 3.648156e+002 26
1.514433e+003 3.624427e+002 8.632240e+002 3.069632e+002 0
1.315941e+003 1.182539e+003 1.339115e+003 1.195039e+003 15
7.215525e+002 8.793489e+002 7.227491e+002 9.219207e+002 9
8.820353e+002 7.345287e+002 8.532523e+002 7.645486e+002 24
5.119591e+002 2.481101e+002 5.265928e+002 3.306750e+002 1
5.812051e+002 6.615688e+002 6.009079e+002 7.793276e+002 1
7.661311e+002 9.722405e+002 7.593760e+002 9.353956e+002 1
1.529212e+003 3.590142e+002 2.081939e+003 4.010276e+002 0
1.707906e+003 1.256574e+002 1.711797e+003 1.872536e+000 1
1.764156e+003 2.069463e+002 1.765631e+003 1.856254e+002 1
5.727923e+002 8.037572e+002 5.844108e+002 7.868997e+002 19
7.408375e+002 1.099071e+003 7.571979e+002 1.073775e+003 23
8.692873e+002 5.914275e+002 8.486232e+002 6.213560e+002 30
5.632527e+002 1.058523e+003 5.391744e+002 1.066250e+003 5
8.646467e+002 5.507146e+002 8.733086e+002 5.244355e+002 11
1.677853e+003 1.682442e+003 1.643544e+003 1.666001e+003 0
6.764716e+002 1.136072e+003 6.994532e+002 1.124531e+003 13
7.431335e+002 3.381240e+002 7.290702e+002 2.242583e+002 1
1.519146e+003 1.068808e+002 1.519338e+003 7.311768e+001 1
1.750121e+003 2.118881e+002 1.750562e+003 1.868739e+002 6
5.180542e+002 4.698047e+002 5.659025e+002 4.776910e+002 0
7.236994e+002 8.493299e+002 7.217713e+002 8.782015e+002 11
5.658707e+002 9.478307e+002 5.748602e+002 9.935214e+002 1
5.752072e+002 7.301866e+002 5.548120e+002 7.050342e+002 18
5.694617e+002 1.020774e+003 5.468223e+002 1.021515e+003 8
8.273727e+002 7.813620e+002 8.133028e+002 8.019962e+002 30
1.591099e+003 2.531519e+002 1.591324e+003 2.281426e+002 1
2.155240e+003 1.933328e+003 2.133345e+003 1.891759e+003 19
7.974034e+002 7.409570e+002 7.489692e+002 7.954020e+002 24
9.928811e+002 1.080335e+002 9.909440e+002 8.673232e+001 3
1.673569e+003 1.946829e+002 1.677468e+003 1.732328e+002 1
2.630760e+002 3.713692e+001 2.584234e+002 1.406279e+001 11
2.118128e+003 8.389048e-001 2.024375e+003 7.037150e-001 0
7.238230e+002 9.329199e+002 7.341840e+002 9.681812e+002 21
8.129608e+002 7.889659e+002 8.261191e+002 7.719758e+002 30
1.260079e+003 8.939497e+001 1.260904e+003 1.119106e+002 1
2.543749e+002 8.548237e-001 1.081249e+002 7.850622e-001 23
5.368725e+002 1.215621e+003 6.097247e+002 1.172465e+003 4
1.282810e+003 1.521311e+003 1.318821e+003 1.537860e+003 0
2.152758e+003 1.910165e+003 2.164906e+003 1.933499e+003 19
5.260709e+002 3.330411e+002 5.312397e+002 3.605093e+002 1
5.450999e+002 1.005976e+003 5.355922e+002 9.578843e+002 1
1.576224e+003 2.968954e+002 1.576364e+003 2.756381e+002 1
6.013267e+002 7.794689e+002 6.112081e+002 8.372031e+002 1
6.226224e+002 9.030049e+002 5.918458e+002 9.142953e+002 4
5.932902e+002 1.012353e+003 5.670974e+002 1.021399e+003 5
1.515537e+003 1.638289e+003 1.471157e+003 1.614463e+003 22
1.700348e+003 1.866131e+000 1.696346e+003 1.268581e+002 1
4.806684e+002 8.345816e+002 5.382527e+002 8.224829e+002 5
5.593392e+002 9.190891e+002 5.660170e+002 9.474439e+002 1
6.527180e+002 1.088497e+003 6.973168e+002 1.067828e+003 13
8.465626e+002 7.603564e+002 8.721491e+002 7.359119e+002 24
7.662703e+002 9.417661e+002 7.711960e+002 9.709506e+002 1
1.081377e+003 1.120281e+002 1.086461e+003 8.704513e+001 29
1.257623e+003 1.118434e+002 1.256618e+003 8.808301e+001 1
1.450583e+003 1.865705e+003 1.483331e+003 1.882729e+003 0
1.688727e+003 3.418869e+002 1.689123e+003 3.218700e+002 1
1.939333e+003 1.905655e+003 1.926739e+003 1.888224e+003 20
1.178094e+003 3.781949e+002 1.179253e+003 3.994498e+002 3
1.771197e+003 1.868074e+002 1.770275e+003 2.131127e+002 6
1.829890e+003 2.169895e+002 1.831203e+003 1.967503e+002 6
1.205679e+003 8.815833e+001 1.206340e+003 1.118899e+002 3
5.048228e+001 1.589127e+003 8.323254e+001 1.634648e+003 21
5.248338e+002 1.339932e+003 5.844112e+002 1.271907e+003 12
1.648744e+003 2.693207e+002 1.648023e+003 2.942999e+002 1
1.844158e+003 2.156914e+002 1.845528e+003 1.943688e+002 6
7.740914e+002 1.062513e+003 7.515552e+002 1.096664e+003 23
1.200701e+003 1.732980e+003 1.368947e+003 1.821563e+003 0
6.443901e+002 1.107795e+003 6.143395e+002 1.108004e+003 8
7.305023e+002 2.223896e+002 8.293826e+002 2.292660e+002 0
1.426007e+003 1.576014e+003 1.487842e+003 1.603445e+003 0
1.578655e+003 6.337366e+001 1.571957e+003 1.029919e+001 6
1.645099e+003 2.931379e+002 1.645455e+003 2.731220e+002 1
1.784003e+003 5.096740e+001 1.788278e+003 2.439966e+001 1
1.823915e+003 5.032276e+002 1.828402e+003 5.233421e+002 2
1.519384e+003 7.188741e+001 1.518859e+003 1.938017e+001 1
1.621736e+003 1.674692e+003 1.644886e+003 1.684815e+003 0
1.794485e+003 3.018994e+002 1.794934e+003 2.769300e+002 6
5.356879e+002 9.586518e+002 5.312789e+002 9.382538e+002 1
1.395629e+003 1.584368e+003 1.413325e+003 1.594008e+003 0
1.477147e+003 2.246602e+002 1.483346e+003 2.459250e+002 6
1.503120e+003 1.174389e+003 1.533137e+003 1.184338e+003 0
1.543748e+003 8.682418e+001 1.545475e+003 6.551154e+001 1
1.779293e+003 9.451236e+001 1.784309e+003 5.186729e+001 1
1.815631e+003 2.156981e+002 1.817231e+003 1.882185e+002 6
1.843674e+003 1.808044e+003 1.847755e+003 1.835863e+003 12
1.882609e+003 2.170166e+002 1.884575e+003 1.894785e+002 6
2.070486e+003 1.812652e+003 2.104885e+003 1.834835e+003 15
3.957930e+002 5.993550e+002 4.075401e+002 6.981945e+002 9
1.926127e+003 1.903199e+002 1.915522e+003 2.163233e+002 3
7.322534e+002 9.863554e+002 7.173181e+002 9.429725e+002 21
1.775875e+003 2.144570e+002 1.777378e+003 1.869709e+002 6
6.906385e+002 1.112367e+003 6.431313e+002 1.111521e+003 8
8.981464e+002 1.011964e+003 8.657227e+002 1.019780e+003 5
1.225432e+003 1.893570e+002 1.227300e+003 1.692982e+002 3
1.756738e+003 1.868074e+002 1.755698e+003 2.081286e+002 1
1.803335e+003 2.156418e+002 1.804948e+003 1.954709e+002 1
1.838150e+003 1.943776e+002 1.835913e+003 2.155233e+002 1
1.848924e+003 1.891676e+003 1.830217e+003 1.881366e+003 0
1.847648e+003 5.055803e+002 1.845769e+003 5.256385e+002 6
2.132290e+003 1.872236e+003 2.151814e+003 1.908824e+003 19
7.340377e+002 9.688228e+002 7.575659e+002 1.007707e+003 3
1.088802e+003 3.643773e+002 1.088886e+003 3.856270e+002 1
1.436799e+003 1.600768e+003 1.511943e+003 1.640496e+003 22
1.922159e+003 6.072535e+001 1.925763e+003 5.634001e+000 6
8.427296e+002 3.793028e+002 8.451756e+002 4.082685e+002 14
1.216398e+003 1.143532e+002 1.215659e+003 8.808886e+001 3
1.830229e+003 1.880568e+003 1.798329e+003 1.859726e+003 22
1.358559e+003 1.843957e+002 1.357829e+003 1.556008e+002 1
2.589376e+003 8.854080e-001 2.480625e+003 8.181397e-001 0
7.498083e+002 3.943245e+002 7.472188e+002 3.721265e+002 1
8.202417e+002 9.921123e+002 7.829645e+002 9.984273e+002 25
1.640926e+003 1.614865e+003 1.665101e+003 1.624446e+003 0
1.749751e+003 5.555812e+001 1.747345e+003 8.700658e+001 1
1.851410e+003 1.943024e+002 1.850457e+003 2.168150e+002 6
2.071894e+003 5.296458e+002 2.076524e+003 5.507022e+002 16
7.356169e+002 1.078087e+003 6.756672e+002 1.090823e+003 25
7.511149e+002 1.018491e+003 7.388457e+002 1.034913e+003 23
1.975821e+003 3.981117e+002 1.515504e+003 3.621726e+002 0
2.036948e+003 1.786786e+003 2.069447e+003 1.813571e+003 15
7.292053e+002 1.035469e+003 7.497310e+002 1.014740e+003 17
9.939327e+002 4.792562e+002 1.008189e+003 5.005823e+002 6
1.787452e+003 4.332249e+002 1.788546e+003 4.132164e+002 6
1.839302e+003 1.839507e+003 1.834420e+003 1.790746e+003 12
2.750769e+002 9.724218e+001 2.683055e+002 6.408287e+001 11
1.914513e+003 1.807766e+000 1.906729e+003 1.305406e+002 6
1.918716e+003 1.205841e+002 1.921974e+003 6.813113e+001 6
7.789410e+002 9.930289e+002 8.206959e+002 9.860488e+002 25
8.261656e+002 7.714450e+002 8.449795e+002 7.590420e+002 24
1.081166e+003 3.706732e+002 1.082531e+003 3.907504e+002 3
1.267495e+003 8.812235e+001 1.267395e+003 1.118772e+002 3
1.577285e+003 1.006971e+002 1.578866e+003 6.429858e+001 1
2.006394e+003 4.780646e+002 2.003863e+003 4.982177e+002 2
6.755266e+002 1.091226e+003 6.556055e+002 1.094246e+003 25
1.089991e+003 8.706039e+001 1.096543e+003 1.094722e+002 18
1.490642e+003 2.618564e+002 1.490304e+003 2.843702e+002 1
1.813014e+003 1.858292e+003 1.845880e+003 1.880244e+003 22
8.431876e+002 7.669481e+002 8.270197e+002 7.807940e+002 24
2.104115e+003 1.834450e+003 2.127611e+003 1.861229e+003 27
2.211891e+003 4.166696e+002 2.186846e+003 4.147563e+002 0
7.597832e+002 1.006905e+003 7.766366e+002 9.952794e+002 4
1.831309e+003 3.445130e+002 1.832925e+003 3.218607e+002 6
2.186762e+003 4.145585e+002 1.976783e+003 3.980454e+002 0
1.643875e+003 2.531180e+002 1.644174e+003 2.318722e+002 1
1.686926e+003 1.241335e+003 1.663120e+003 1.243054e+003 14
1.660599e+003 1.681943e+003 1.690957e+003 1.693502e+003 0
1.877873e+003 1.906113e+002 1.876777e+003 2.106879e+002 6
2.588321e+003 1.599378e+003 2.588657e+003 1.579363e+003 28
2.681845e+002 6.335890e+001 2.631766e+002 3.786928e+001 11
6.115978e+002 8.378060e+002 6.157912e+002 8.670305e+002 1
7.585714e+002 1.070820e+003 7.359168e+002 1.077820e+003 5
1.054426e+003 2.947356e+000 1.021842e+003 2.321355e+000 0
1.041903e+003 3.806227e+002 1.040179e+003 3.592096e+002 3
1.292187e+003 9.660786e+001 1.285131e+003 1.213781e+002 29
1.850178e+003 5.269249e+002 1.851419e+003 5.069243e+002 6
1.521891e+003 2.437453e+001 1.523501e+003 7.943710e+001 1
1.744096e+003 2.424197e+001 1.748559e+003 5.681557e+001 2
1.965489e+003 3.106160e+002 1.966899e+003 2.893766e+002 2
1.066135e+002 1.366603e+000 1.164668e+002 4.475160e+001 1
9.190247e+002 5.340768e+002 8.748229e+002 5.860063e+002 24
1.627854e+003 2.531721e+002 1.628880e+003 2.318512e+002 1
1.836242e+003 3.217400e+002 1.834542e+003 3.454578e+002 6
1.935095e+003 4.920749e+002 1.937142e+003 4.719021e+002 2
2.402011e+003 1.798014e+003 2.383950e+003 1.775974e+003 19
2.579913e+003 1.657120e+003 2.587803e+003 1.599502e+003 9
8.627978e+002 1.008860e+003 9.100634e+002 1.000096e+003 25
1.178355e+003 1.857715e+003 1.209060e+003 1.874936e+003 0
1.877593e+003 1.890985e+003 1.898612e+003 1.897934e+003 0
1.992206e+003 3.292979e+002 1.990097e+003 3.544356e+002 2
1.219598e+003 1.519870e+003 1.239016e+003 1.509925e+003 31
1.810941e+003 1.893428e+002 1.810078e+003 2.143561e+002 6
4.836525e+002 9.545524e+002 3.447926e+002 1.005873e+003 4
7.715675e+002 9.716005e+002 7.780958e+002 9.940195e+002 21
2.049086e+003 2.442833e+002 2.047445e+003 2.718345e+002 2
2.149804e+003 3.668246e+001 2.141643e+003 1.244696e+002 2
3.968076e+002 7.077908e+002 3.798238e+002 7.297225e+002 26
1.122455e+003 9.563367e+001 1.122714e+003 1.156465e+002 3
1.509931e+003 2.631096e+002 1.509433e+003 2.856263e+002 1
2.188647e+003 5.416810e+002 2.186316e+003 5.654476e+002 2
1.051221e+003 1.758305e+003 1.103406e+003 1.787366e+003 0
1.333557e+003 4.677591e+001 1.313966e+003 4.049953e+001 4
1.359145e+003 1.560965e+003 1.394744e+003 1.585080e+003 22
1.907607e+003 2.185978e+002 1.900783e+003 1.930827e+002 16
2.570281e+003 1.719316e+003 2.575873e+003 1.686918e+003 9
1.393731e+002 1.503681e+002 1.440693e+002 1.731879e+002 1
1.891129e+003 1.967898e+002 1.888842e+003 2.168141e+002 6
2.576144e+003 1.686778e+003 2.579991e+003 1.657874e+003 9
1.647529e+003 2.293510e+002 1.647188e+003 2.555966e+002 1
1.970708e+003 2.867813e+002 1.968705e+003 3.117209e+002 2
1.196916e+002 6.055492e+001 1.291282e+002 1.031796e+002 1
6.974325e+002 1.067361e+003 7.262725e+002 1.041210e+003 17
1.078452e+003 1.087836e+003 1.047714e+003 1.081314e+003 7
1.540464e+003 1.654706e+003 1.580166e+003 1.673998e+003 0
1.724229e+003 1.740941e+003 1.684612e+003 1.722612e+003 0
1.994300e+003 5.436430e+002 2.003569e+003 5.226221e+002 18
1.042556e+003 1.433499e+003 8.935195e+002 1.385798e+003 2
1.957233e+003 4.730681e+002 1.955879e+003 4.943116e+002 2
2.018780e+003 3.305747e+002 2.016770e+003 3.543661e+002 2
2.082996e+003 4.009631e+002 2.264272e+003 4.156444e+002 0
8.375115e+002 1.006286e+003 7.942026e+002 1.047994e+003 17
1.863491e+003 1.838623e+003 1.845910e+003 1.807419e+003 20
2.057238e+003 5.501216e+002 2.066627e+003 5.298387e+002 18
2.320515e+003 1.805921e+003 2.358783e+003 1.820100e+003 0
7.077335e+002 1.077447e+003 7.654678e+002 1.061313e+003 5
2.015340e+003 4.557175e+002 2.017489e+003 4.333038e+002 2
7.798459e+002 1.026940e+003 7.778683e+002 1.003146e+003 9
7.885908e+002 1.042219e+003 8.274471e+002 1.008592e+003 17
8.840768e+002 4.690229e+001 8.800632e+002 3.061995e+000 1
1.941813e+003 1.928271e+003 1.906640e+003 1.913248e+003 0
1.368353e+003 3.918713e+002 1.368740e+003 4.156557e+002 1
1.486802e+003 3.219169e+002 1.487515e+003 3.018978e+002 1
1.982986e+003 4.969707e+002 1.984812e+003 4.757703e+002 2
1.472032e+002 1.723625e+003 1.832771e+002 1.774633e+003 21
3.723967e+002 7.493453e+002 3.736088e+002 7.706686e+002 1
8.659729e+002 1.020284e+003 8.476215e+002 1.030691e+003 13
1.557417e+003 2.493718e+002 1.557293e+003 2.281079e+002 1
1.666157e+003 1.620667e+003 1.644671e+003 1.611204e+003 0
6.664234e+002 1.306819e+003 5.870721e+002 1.276800e+003 2
8.240514e+002 1.361546e+003 6.667113e+002 1.306282e+003 2
9.351094e+002 1.813392e+000 9.389970e+002 4.815671e+001 1
2.126978e+003 2.819860e+002 2.128735e+003 2.605725e+002 2
2.178831e+003 5.417339e+002 2.177057e+003 5.642910e+002 2
1.291639e+002 1.034415e+002 1.391827e+002 1.496875e+002 1
8.217612e+002 9.861282e+002 8.610464e+002 9.950115e+002 7
2.220399e+003 2.529778e+002 2.217659e+003 2.804538e+002 2
6.059185e+002 1.102707e+003 6.424066e+002 1.089838e+003 5
7.497655e+002 1.014430e+003 7.324855e+002 9.864973e+002 3
9.445179e+002 3.832466e+002 9.230554e+002 4.043040e+002 26
1.047808e+003 1.080549e+003 1.026525e+003 1.072842e+003 7
1.522158e+003 4.068291e+002 1.521026e+003 4.306441e+002 1
2.000462e+003 4.982002e+002 2.001931e+003 4.769654e+002 2
2.037018e+003 1.185187e+002 2.046919e+003 8.349089e+001 18
2.263198e+003 4.209588e+002 2.210833e+003 4.167726e+002 0
8.316797e+001 1.634972e+003 9.919101e+001 1.656384e+003 21
1.256747e+002 1.694088e+003 1.417708e+002 1.716035e+003 21
1.216076e+003 1.915768e+003 1.246199e+003 1.933053e+003 0
1.249105e+003 1.913592e+003 1.204935e+003 1.888069e+003 0
1.897529e+003 1.897220e+003 1.950972e+003 1.917198e+003 29
2.548431e+003 1.795730e+003 2.558400e+003 1.766574e+003 1
6.465067e+002 1.016803e+003 6.268637e+002 1.010661e+003 7
7.744584e+002 9.947984e+002 7.663343e+002 9.724139e+002 21
8.913430e+002 1.383515e+003 8.251627e+002 1.362050e+003 2
1.174502e+003 1.761636e+003 1.144349e+003 1.745675e+003 0
2.213424e+003 2.795779e+002 2.216406e+003 2.568136e+002 2
2.370107e+003 1.825371e+003 2.413799e+003 1.848077e+003 15
1.467877e+003 2.459942e+002 1.475667e+003 2.248510e+002 3
2.152798e+003 1.847208e+000 2.149922e+003 3.567154e+001 2
2.153798e+003 5.608315e+002 2.155964e+003 5.406613e+002 2
1.638099e+003 1.703233e+003 1.679643e+003 1.713264e+003 29
2.008508e+003 5.233265e+002 2.013449e+003 5.445901e+002 16
1.441276e+002 1.738718e+002 1.573411e+002 2.330209e+002 1
5.121158e+002 1.702164e+003 5.687987e+002 1.654933e+003 4
7.128889e+002 1.066509e+003 6.959761e+002 1.077419e+003 4
1.493155e+003 3.239325e+002 1.464451e+003 3.219978e+002 0
2.984136e+002 2.183135e+002 2.826603e+002 1.379710e+002 11
6.179284e+002 8.802579e+002 6.212531e+002 9.011224e+002 1
6.305725e+002 1.008486e+003 6.831695e+002 1.009451e+003 8
8.786411e+002 5.313343e+002 8.729619e+002 5.521713e+002 11
1.204672e+003 1.887601e+003 1.180797e+003 1.874071e+003 0
1.684274e+003 2.560679e+001 1.688556e+003 1.953049e+000 1
1.893103e+003 4.738333e+002 1.884551e+003 4.939174e+002 3
2.018244e+003 5.564666e+001 2.009645e+003 1.029469e+002 6
2.049243e+003 1.809499e+003 2.020192e+003 1.778531e+003 27
1.033473e+003 1.748715e+003 1.051236e+003 1.758086e+003 0
1.366136e+003 4.144158e+002 1.364955e+003 3.930239e+002 1
1.630698e+003 1.707969e+003 1.661064e+003 1.722187e+003 0
2.109125e+003 9.255854e+001 2.116469e+003 6.838128e+001 18
1.140654e+003 1.993744e+002 1.141071e+003 2.194177e+002 3
2.383407e+003 1.776287e+003 2.372920e+003 1.748974e+003 12
2.217048e+002 1.833245e+003 2.464822e+002 1.868402e+003 21
7.067335e+002 1.120368e+003 7.367123e+002 1.103848e+003 13
1.323033e+003 1.161540e+003 1.328533e+003 1.139477e+003 12
1.788805e+003 1.810909e+003 1.777814e+003 1.837267e+003 13
5.271025e+002 6.880769e+002 5.204584e+002 6.566460e+002 1
1.022046e+003 1.993190e+002 1.013316e+003 1.726533e+002 18
1.124463e+003 1.756715e+003 1.097032e+003 1.741589e+003 0
1.159404e+003 1.775573e+003 1.132127e+003 1.760178e+003 0
1.073129e+003 1.750618e+003 1.048143e+003 1.736843e+003 0
1.099215e+003 1.848406e+003 1.168352e+003 1.887726e+003 0
1.135274e+003 1.111969e+003 1.236182e+003 1.138283e+003 7
2.276924e+003 1.796646e+003 2.311920e+003 1.804167e+003 14
8.604658e+002 1.009359e+003 8.378582e+002 1.006444e+003 7
1.009058e+003 9.705767e+002 1.047204e+003 9.806245e+002 7
1.186006e+003 5.032632e+001 1.164230e+003 4.496224e+001 4
1.265469e+003 1.768626e+002 1.265724e+003 1.993739e+002 3
1.568438e+003 1.236853e+002 1.576440e+003 1.013656e+002 3
1.626875e+003 6.793998e-001 1.595625e+003 7.597387e-001 0
2.181605e+003 5.646470e+002 2.184082e+003 5.443392e+002 2
3.812136e+002 8.134307e+002 4.024675e+002 8.266797e+002 2
7.826835e+002 1.000503e+003 7.850566e+002 1.040510e+003 9
1.016832e+003 1.070886e+003 9.819584e+002 1.065120e+003 7
1.462086e+003 1.876484e+003 1.438398e+003 1.863684e+003 0
2.073077e+003 3.438315e+002 2.093239e+003 3.452074e+002 0
9.540726e+002 9.516417e+002 9.820700e+002 9.599695e+002 7
1.089590e+003 1.737729e+003 1.063013e+003 1.723333e+003 0
1.139450e+003 1.742989e+003 1.112006e+003 1.727886e+003 0
1.339847e+003 1.546715e+003 1.359127e+003 1.560471e+003 22
1.409783e+003 1.843613e+003 1.444787e+003 1.862355e+003 0
1.832871e+002 1.774645e+003 1.946249e+002 1.792088e+003 21
1.931911e+002 1.611081e+003 3.143301e+002 1.621165e+003 2
1.077425e+003 1.836143e+003 1.098848e+003 1.848077e+003 0
1.613890e+003 1.825290e+003 1.650139e+003 1.842792e+003 0
1.689181e+003 1.728534e+003 1.721531e+003 1.743852e+003 0
1.736321e+003 1.848818e+000 1.737215e+003 2.561222e+001 6
2.486508e+003 1.694301e+003 2.477995e+003 1.736597e+003 9
1.951028e+002 1.792210e+003 2.213235e+002 1.833032e+003 21
1.103361e+003 1.723942e+003 1.078308e+003 1.710289e+003 0
1.545039e+003 1.093843e+002 1.545355e+003 8.685371e+001 1
1.881220e+003 1.866970e+003 1.868147e+003 1.846079e+003 20
1.170295e+003 1.888690e+003 1.187689e+003 1.898870e+003 0
1.861876e+003 1.490627e+003 1.841796e+003 1.497906e+003 3
5.289528e+002 9.378890e+002 4.839117e+002 9.543578e+002 4
1.906352e+003 1.913260e+003 1.875692e+003 1.901698e+003 0
2.147040e+003 2.770792e+002 2.150146e+003 2.555559e+002 2
1.162813e+003 1.867425e+003 1.183308e+003 1.879053e+003 0
3.155858e+002 3.078913e+002 2.983961e+002 2.188401e+002 11
8.121182e+002 4.029618e+002 7.870015e+002 3.986397e+002 0
1.047791e+003 9.807019e+002 1.095718e+003 9.927536e+002 7
1.498854e+003 1.766743e+003 1.528515e+003 1.782386e+003 0
1.561672e+003 1.838529e+003 1.633057e+003 1.874510e+003 0
1.590613e+003 1.678997e+003 1.607125e+003 1.691546e+003 15
2.462054e+003 1.929579e+003 2.495400e+003 1.900200e+003 32
2.526471e+003 1.859260e+003 2.535054e+003 1.829212e+003 1
6.233536e+002 1.643289e+003 6.828987e+002 1.560108e+003 17
9.868106e+002 1.783236e+003 1.058387e+003 1.824825e+003 0
1.437791e+003 1.863892e+003 1.349266e+003 1.817082e+003 0
1.371110e+003 1.817217e+003 1.274859e+003 1.765810e+003 0
1.524369e+003 8.062432e+001 1.524354e+003 1.068757e+002 1
1.619562e+003 1.787734e+003 1.657907e+003 1.806080e+003 0
2.116833e+003 6.937589e+001 2.116054e+003 3.311578e+001 2
2.414139e+003 1.848486e+003 2.446351e+003 1.869512e+003 15
2.477862e+003 1.736354e+003 2.470593e+003 1.771141e+003 9
7.116561e+002 1.034726e+003 6.869205e+002 1.019302e+003 2
1.187681e+003 1.899189e+003 1.215946e+003 1.915053e+003 0
1.511933e+003 1.641748e+003 1.535339e+003 1.652498e+003 0
1.289607e+003 4.094282e+002 1.290415e+003 3.869123e+002 3
1.360805e+003 1.869544e+003 1.305816e+003 1.928303e+003 5
1.303373e+003 1.707621e+003 1.332450e+003 1.721958e+003 0
1.457057e+003 4.256336e+002 1.457129e+003 4.031258e+002 1
1.663743e+003 2.403382e+002 1.653564e+003 2.627569e+002 3
1.025584e+003 1.083284e+003 1.135105e+003 1.111547e+003 7
1.149248e+003 1.743365e+003 1.175461e+003 1.757186e+003 0
1.540288e+003 2.742436e+002 1.532524e+003 2.941404e+002 3
7.867701e+002 3.988472e+002 7.589493e+002 3.948055e+002 0
1.110745e+003 1.790745e+003 1.139766e+003 1.807446e+003 0
1.275562e+003 2.293115e+001 1.242155e+003 5.330857e+001 26
1.575069e+003 1.759322e+003 1.546166e+003 1.745902e+003 0
1.914372e+003 3.519224e+002 1.890640e+003 3.503914e+002 0
1.976860e+003 3.559967e+002 1.954395e+003 3.551144e+002 0
1.098730e+003 1.738111e+003 1.125516e+003 1.752084e+003 0
1.128687e+003 1.620760e+003 1.168620e+003 1.640893e+003 0
1.798139e+003 3.441033e+002 1.778063e+003 3.430473e+002 0
1.542068e+003 1.750210e+003 1.573485e+003 1.764852e+003 0
2.392958e+003 4.605228e+002 2.371972e+003 4.574608e+002 0
1.571438e+002 2.333306e+002 1.626233e+002 2.594801e+002 1
7.406130e+002 1.037670e+003 7.643464e+002 1.037042e+003 8
9.553983e+002 1.763484e+003 9.864446e+002 1.783076e+003 0
1.471825e+003 1.925915e+003 1.366529e+003 1.868763e+003 0
6.833403e+002 1.011464e+003 7.299169e+002 1.034531e+003 2
1.093153e+003 2.106882e+002 1.091857e+003 1.856259e+002 3
1.243433e+003 1.763536e+003 1.202573e+003 1.740348e+003 0
1.202469e+003 1.751971e+003 1.253660e+003 1.778337e+003 0
1.528708e+003 1.661806e+003 1.550762e+003 1.671565e+003 0
2.078946e+003 8.407319e+001 2.083026e+003 1.120716e+002 16
3.263352e+002 3.642387e+002 3.155690e+002 3.081357e+002 11
1.133890e+003 1.756530e+003 1.161493e+003 1.771337e+003 0
1.321747e+003 1.678382e+003 1.348760e+003 1.691853e+003 0
1.330657e+003 1.646809e+003 1.357320e+003 1.659705e+003 0
1.355498e+003 1.695884e+003 1.384083e+003 1.709925e+003 0
1.457685e+003 1.740253e+003 1.430202e+003 1.726468e+003 0
1.485118e+003 1.877858e+003 1.454808e+003 1.862207e+003 0
1.489740e+003 1.886183e+003 1.515434e+003 1.899737e+003 0
1.994420e+003 3.149382e+002 1.974342e+003 3.136251e+002 0
2.042851e+002 4.528776e+002 2.155401e+002 5.056431e+002 1
1.168428e+003 1.716313e+003 1.187138e+003 1.726386e+003 0
1.198219e+003 1.876713e+003 1.176382e+003 1.863969e+003 0
1.924578e+003 1.886162e+003 1.895237e+003 1.883119e+003 31
2.645544e+002 1.891523e+003 2.806935e+002 1.910769e+003 21
1.796278e+003 1.846496e+003 1.812893e+003 1.857890e+003 0
2.149634e+003 3.095094e+002 2.140370e+003 3.273906e+002 18
2.417407e+003 8.944029e+001 2.424945e+003 2.804146e+001 9
5.798417e+002 1.281212e+003 5.087737e+002 1.365116e+003 12
5.943252e+002 1.111629e+003 5.218491e+002 1.112944e+003 8
9.314591e+002 1.059210e+003 9.530486e+002 1.052865e+003 5
1.158877e+003 1.861496e+003 1.139895e+003 1.850652e+003 0
1.672611e+003 1.806697e+003 1.623188e+003 1.782993e+003 0
2.015698e+003 2.187457e+001 2.015853e+003 4.811625e+001 2
1.296905e+003 1.267531e+003 1.302842e+003 1.244626e+003 12
1.507298e+003 1.852336e+003 1.540794e+003 1.870310e+003 0
1.523638e+003 1.903432e+003 1.550622e+003 1.918130e+003 0
1.835193e+003 1.492726e+003 1.872402e+003 1.478228e+003 3
4.005462e+002 8.259676e+002 4.330521e+002 8.334420e+002 7
7.331385e+002 2.304479e+002 8.081774e+002 2.361899e+002 0
9.563494e+002 1.746469e+003 1.087021e+003 1.634339e+003 25
1.203204e+003 1.737718e+003 1.181046e+003 1.733442e+003 16
1.375624e+003 1.825628e+003 1.397432e+003 1.837063e+003 0
3.314724e+002 3.904620e+002 3.266579e+002 3.654264e+002 11
4.331388e+002 8.335007e+002 4.793773e+002 8.342278e+002 10
9.893280e+002 2.636031e+002 9.593717e+002 2.606584e+002 0
1.114199e+003 1.724709e+003 1.141399e+003 1.739030e+003 0
1.724171e+003 1.776922e+003 1.593689e+003 1.934626e+003 5
2.425178e+003 2.591970e+001 2.428644e+003 1.770135e+000 2
1.104470e+003 1.682946e+003 1.130687e+003 1.696758e+003 0
2.109160e+003 1.851099e+003 2.089524e+003 1.834421e+003 15
2.260635e+003 5.979169e+002 2.284389e+003 5.990855e+002 0
2.408430e+003 1.644107e+002 2.415169e+003 1.068216e+002 9
5.667054e+002 4.778568e+002 6.209951e+002 4.872322e+002 0
1.975497e+003 1.778609e+003 1.990780e+003 1.801773e+003 20
2.089191e+003 1.834667e+003 2.048317e+003 1.808861e+003 15
1.011684e+003 1.780176e+002 1.001281e+003 1.965412e+002 24
1.428602e+003 1.688492e+003 1.402858e+003 1.676183e+003 0
1.864296e+003 1.664505e+003 1.845622e+003 1.653130e+003 0
2.401972e+003 1.849162e+003 2.366351e+003 1.833032e+003 0
2.397515e+003 2.519492e+002 2.405230e+003 1.854342e+002 9
1.779408e+002 3.316348e+002 1.859311e+002 3.670877e+002 1
3.107131e+002 1.624141e+003 4.010849e+002 1.658153e+003 22
5.612344e+002 1.262755e+003 5.484365e+002 1.241686e+003 21
1.079064e+003 1.706207e+003 1.106175e+003 1.720686e+003 0
1.988861e+003 1.893957e+003 2.011301e+003 1.933451e+003 20
1.135658e+003 1.704460e+003 1.068910e+003 1.669001e+003 0
1.339632e+003 1.725125e+003 1.367496e+003 1.739415e+003 0
1.387935e+003 1.592297e+003 1.434824e+003 1.613377e+003 0
1.468299e+003 1.714007e+003 1.498627e+003 1.728310e+003 0
1.999375e+003 7.658266e-001 1.934375e+003 7.829079e-001 0
1.664411e+002 2.754751e+002 1.700774e+002 2.952663e+002 1
1.876959e+002 3.754504e+002 1.952516e+002 4.109703e+002 1
6.076519e+002 1.661474e+003 6.226483e+002 1.643780e+003 4
8.458285e+002 6.303148e+002 8.316743e+002 6.780655e+002 11
1.235500e+003 1.602147e+003 1.258364e+003 1.612602e+003 0
1.373447e+003 1.742490e+003 1.402366e+003 1.757156e+003 0
1.484658e+003 1.889031e+003 1.462375e+003 1.877015e+003 0
1.675625e+003 7.823536e-001 1.628125e+003 8.085326e-001 0
1.788216e+003 1.759195e+003 1.769760e+003 1.749863e+003 0
2.262086e+003 1.294731e+003 2.298205e+003 1.289987e+003 14
2.305640e+003 1.292159e+003 2.332015e+003 1.290755e+003 14
8.735443e+002 5.687054e+002 8.975558e+002 5.389162e+002 24
5.174914e+002 5.855262e+002 5.117048e+002 5.494023e+002 1
1.100826e+003 1.642727e+003 1.156693e+003 1.670984e+003 0
1.247399e+003 1.460730e+003 1.251336e+003 1.441017e+003 12
1.551823e+003 1.924473e+003 1.519283e+003 1.907048e+003 0
1.553279e+003 1.669045e+003 1.534041e+003 1.660094e+003 0
1.617812e+003 1.860027e+003 1.597351e+003 1.849651e+003 0
8.935347e+002 1.386114e+003 8.772250e+002 1.399792e+003 4
1.183328e+003 1.728914e+003 1.136084e+003 1.704666e+003 0
1.236765e+003 1.137306e+003 1.271116e+003 1.146093e+003 7
1.474869e+003 1.835868e+003 1.502473e+003 1.849406e+003 0
1.654328e+003 1.838223e+003 1.619507e+003 1.821598e+003 0
1.772603e+003 1.719184e+003 1.765362e+003 1.738945e+003 4
2.349309e+003 1.095649e+002 2.351472e+003 8.184354e+001 9
2.564423e+003 1.535658e+003 2.526042e+003 1.592563e+003 8
8.721560e+002 1.400739e+003 8.882445e+002 1.387015e+003 4
1.196005e+003 1.691134e+003 1.222369e+003 1.704663e+003 0
1.255104e+003 1.779089e+003 1.340748e+003 1.825398e+003 0
1.385911e+003 1.705096e+003 1.364303e+003 1.694523e+003 0
1.573550e+003 1.804713e+003 1.596338e+003 1.815347e+003 0
7.633470e+002 1.012251e+003 7.762967e+002 1.028851e+003 18
1.072305e+003 1.060904e+001 1.073837e+003 5.189495e+001 3
1.349479e+003 3.217775e+002 1.109364e+003 3.032647e+002 0
1.221735e+003 1.142402e+003 1.259861e+003 1.152547e+003 7
1.299301e+003 1.632033e+003 1.324635e+003 1.643817e+003 0
2.354540e+003 1.827696e+003 2.309479e+003 1.810355e+003 0
1.390166e+003 1.712792e+003 1.418667e+003 1.727041e+003 0
1.444595e+003 1.778931e+003 1.477644e+003 1.795325e+003 0
1.651870e+003 2.778527e+001 1.674383e+003 2.748777e+001 0
2.352178e+003 8.162466e+001 2.361303e+003 1.525030e+000 9
1.270656e+003 1.691809e+003 1.298523e+003 1.704770e+003 0
1.284794e+003 1.505075e+003 1.304685e+003 1.520218e+003 22
1.325589e+003 1.639450e+003 1.301861e+003 1.628154e+003 0
1.504671e+003 1.731272e+003 1.534777e+003 1.746056e+003 0
1.548675e+003 1.873348e+003 1.574798e+003 1.887334e+003 0
1.943549e+003 1.734071e+003 1.957344e+003 1.753330e+003 20
2.302993e+002 5.744472e+002 2.408093e+002 6.218341e+002 1
2.878459e+002 8.354027e+002 3.011031e+002 8.933018e+002 1
3.384814e+002 4.257884e+002 3.348219e+002 4.057718e+002 11
3.463023e+002 4.659764e+002 3.393936e+002 4.301395e+002 11
1.047634e+003 1.770266e+003 1.077516e+003 1.786730e+003 0
1.103760e+003 1.775711e+003 1.076259e+003 1.760713e+003 0
1.347970e+003 1.818419e+003 1.242698e+003 1.762941e+003 0
1.587853e+003 1.893632e+003 1.610525e+003 1.905811e+003 0
5.703591e+002 1.659287e+003 5.156332e+002 1.705635e+003 4
1.405354e+003 1.752423e+003 1.376795e+003 1.738286e+003 0
1.445443e+003 1.857200e+003 1.417062e+003 1.841269e+003 0
1.636847e+003 1.869431e+003 1.617911e+003 1.859795e+003 0
2.057679e+003 1.588464e+003 2.080616e+003 1.571863e+003 6
2.372370e+003 4.544308e+002 2.375213e+003 4.291878e+002 9
9.919156e+002 2.938655e+002 9.217638e+002 2.882693e+002 0
1.224447e+003 1.631726e+003 1.249633e+003 1.643839e+003 0
1.309142e+003 1.225397e+003 1.312745e+003 1.202009e+003 12
1.384716e+003 1.143717e+002 1.384995e+003 1.431311e+002 1
2.379810e+003 3.945787e+002 2.391944e+003 2.942321e+002 9
6.872085e+002 1.559615e+003 6.322239e+002 1.635877e+003 17
1.021610e+003 1.378220e+003 1.082929e+003 1.333314e+003 13
1.153693e+003 1.598229e+003 1.186751e+003 1.614624e+003 0
1.164326e+003 2.746412e+001 1.186772e+003 2.934740e+001 0
1.256059e+003 1.647237e+003 1.282672e+003 1.660243e+003 0
1.333615e+003 1.717185e+003 1.308796e+003 1.704235e+003 0
1.351335e+003 1.687941e+003 1.324906e+003 1.674542e+003 0
1.557070e+003 1.921494e+003 1.580454e+003 1.933459e+003 0
1.596795e+003 1.849531e+003 1.570899e+003 1.836283e+003 0
2.554218e+003 1.844724e+003 2.543643e+003 1.868493e+003 8
1.108216e+003 3.032364e+002 9.930555e+002 2.939905e+002 0
1.595569e+003 1.594505e+003 1.616712e+003 1.603508e+003 0
2.510912e+003 1.913321e+003 2.491184e+003 1.931354e+003 32
2.160346e+002 5.066268e+002 2.192528e+002 5.281432e+002 1
6.982868e+002 1.411543e+003 6.145181e+002 1.402975e+003 10
9.368805e+002 4.914959e+001 8.856185e+002 4.942533e+001 0
1.113025e+003 9.994600e+002 1.131507e+003 1.021123e+003 27
1.262907e+003 1.148948e+003 1.224227e+003 1.138682e+003 7
1.261671e+003 1.724766e+003 1.288950e+003 1.739049e+003 0
1.271386e+003 1.147598e+003 1.304311e+003 1.155878e+003 7
1.441755e+003 1.770854e+003 1.421427e+003 1.760234e+003 0
1.461859e+003 1.748156e+003 1.491289e+003 1.763064e+003 0
2.009282e+003 1.023763e+002 2.003688e+003 1.292319e+002 18
2.813233e+002 8.064127e+002 2.879671e+002 8.344125e+002 1
1.339823e+003 1.617128e+003 1.361239e+003 1.626760e+003 0
1.648177e+003 2.561852e+002 1.626859e+003 2.545930e+002 0
2.131662e+003 1.811292e+003 2.084937e+003 1.796367e+003 14
2.305834e+003 4.597386e+002 2.315966e+003 3.842529e+002 9
2.406123e+002 6.221528e+002 2.592595e+002 7.069004e+002 1
5.643339e+002 1.653332e+003 6.056919e+002 1.661538e+003 16
6.905202e+002 1.554251e+003 7.710353e+002 1.486110e+003 4
1.365630e+003 1.778115e+003 1.394273e+003 1.792084e+003 0
1.359286e+003 1.122105e+003 1.406188e+003 1.137660e+003 0
1.551719e+003 1.178819e+003 1.572095e+003 1.183397e+003 0
2.392332e+003 2.933253e+002 2.396903e+003 2.543783e+002 9
2.394272e+003 1.285961e+003 2.421980e+003 1.287752e+003 24
1.385661e+003 2.981476e+002 1.374989e+003 3.152276e+002 11
1.380537e+003 9.285809e+001 1.385213e+003 1.132196e+002 6
1.396199e+003 1.643201e+003 1.419810e+003 1.654734e+003 0
1.435822e+003 1.613921e+003 1.459462e+003 1.624174e+003 0
1.479807e+003 1.789873e+003 1.459016e+003 1.780142e+003 0
1.612172e+003 1.746216e+003 1.638673e+003 1.758158e+003 0
1.388582e+003 3.122223e+000 1.388825e+003 4.312834e+001 1
1.572359e+003 1.934632e+003 1.554412e+003 1.925512e+003 0
1.577798e+003 1.882480e+003 1.553666e+003 1.869438e+003 0
1.866725e+003 2.384312e+001 1.891759e+003 2.173965e+001 0
2.023468e+003 1.658841e+003 2.011739e+003 1.678780e+003 5
5.677618e+002 8.606890e+002 5.602319e+002 8.179739e+002 1
9.792028e+002 1.071326e+003 1.004807e+003 1.077614e+003 7
1.192285e+003 1.616029e+003 1.217437e+003 1.628216e+003 0
1.392691e+003 1.671520e+003 1.371071e+003 1.661032e+003 0
1.536434e+003 1.825256e+003 1.554930e+003 1.834516e+003 0
2.084710e+003 1.795959e+003 2.063142e+003 1.788078e+003 0
2.589924e+003 1.499748e+003 2.575114e+003 1.521527e+003 8
6.004984e+002 1.002723e+003 6.295339e+002 1.007062e+003 7
7.332944e+002 1.048713e+003 7.128628e+002 1.066376e+003 17
1.199087e+003 1.888624e+003 1.220975e+003 1.901269e+003 0
1.359170e+003 1.654824e+003 1.332727e+003 1.642746e+003 0
1.985407e+003 1.749892e+003 1.953329e+003 1.736390e+003 0
2.345877e+003 1.358134e+002 2.347604e+003 1.105893e+002 9
1.100449e+003 1.864912e+003 1.080664e+003 1.854089e+003 0
1.144224e+003 1.890555e+003 1.110380e+003 1.871051e+003 0
1.206893e+003 1.554337e+003 1.226058e+003 1.563467e+003 0
1.305945e+003 3.867761e+002 1.305035e+003 4.068482e+002 3
1.610884e+003 1.900158e+003 1.586370e+003 1.886534e+003 0
1.677570e+003 1.776723e+003 1.707124e+003 1.791373e+003 0
1.852581e+003 1.412982e+003 1.840714e+003 1.458148e+003 4
2.323142e+003 3.240728e+002 2.329081e+003 2.752849e+002 9
1.080888e+003 1.854068e+003 9.942952e+002 1.803261e+003 0
1.312103e+003 1.603893e+003 1.332310e+003 1.613457e+003 0
1.494348e+003 1.758179e+003 1.466790e+003 1.744547e+003 0
1.513803e+003 1.904254e+003 1.490387e+003 1.892380e+003 0
2.363082e+003 1.282547e+003 2.390708e+003 1.280493e+003 14
2.493854e+003 1.759395e+003 2.492052e+003 1.711821e+003 28
2.760903e+002 7.815079e+002 2.812787e+002 8.057526e+002 1
4.030948e+002 1.659446e+003 4.473590e+002 1.678235e+003 22
6.543121e+002 1.397593e+003 6.231914e+002 1.394867e+003 10
1.071254e+003 5.059522e+001 1.069009e+003 3.142311e+000 3
1.121406e+003 3.075539e+000 1.124344e+003 4.945615e+001 3
1.149229e+003 1.581898e+003 1.204325e+003 1.534126e+003 25
1.247032e+003 1.630982e+002 1.246021e+003 2.043847e+002 3
1.283594e+003 1.590766e+003 1.305371e+003 1.599975e+003 0
1.329815e+003 1.759754e+003 1.359752e+003 1.774879e+003 0
1.421551e+003 1.722524e+003 1.395041e+003 1.709290e+003 0
1.429992e+003 1.603210e+003 1.459627e+003 1.618898e+003 0
1.676392e+003 1.783000e+003 1.656180e+003 1.774330e+003 0
2.502278e+003 1.864569e+003 2.498458e+003 1.823326e+003 28
5.114562e+002 5.492389e+002 5.000333e+002 4.794719e+002 1
7.804595e+002 2.305655e+002 7.330082e+002 2.273479e+002 0
1.087567e+003 1.633959e+003 1.110243e+003 1.615164e+003 5
1.130581e+003 2.214994e+002 1.095606e+003 2.197560e+002 0
1.368222e+003 1.630412e+003 1.389611e+003 1.640105e+003 0
1.432218e+003 1.696182e+003 1.452261e+003 1.706094e+003 0
2.520490e+003 1.760549e+003 2.524359e+003 1.816962e+003 28
2.596957e+002 7.078010e+002 2.646508e+002 7.318181e+002 1
3.959913e+002 7.791405e+002 4.188169e+002 7.669171e+002 12
1.109542e+003 1.615600e+003 1.149426e+003 1.581714e+003 25
1.238304e+003 1.675255e+003 1.263944e+003 1.687686e+003 0
1.317201e+003 1.671249e+003 1.292629e+003 1.659131e+003 0
1.436203e+003 1.735694e+003 1.455793e+003 1.745283e+003 0
1.544837e+003 1.865871e+003 1.514653e+003 1.849970e+003 0
1.063567e+003 8.096960e+000 1.066110e+003 4.817353e+001 3
1.145159e+003 1.727664e+003 1.164910e+003 1.739335e+003 0
1.291298e+003 1.664228e+003 1.311969e+003 1.674181e+003 0
1.338563e+003 1.569724e+003 1.363215e+003 1.581690e+003 0
1.504709e+003 1.844991e+003 1.480914e+003 1.832448e+003 0
1.793989e+003 1.646283e+003 1.810642e+003 1.670613e+003 20
1.884377e+003 7.134711e-001 1.854375e+003 6.518414e-001 0
2.291602e+003 5.830936e+002 2.294804e+003 5.552432e+002 9
2.492229e+003 1.649311e+003 2.491479e+003 1.674438e+003 28
3.150954e+002 9.572211e+002 3.208549e+002 9.868303e+002 1
7.253082e+002 5.062272e+002 7.583386e+002 5.118761e+002 0
1.006626e+003 1.764272e+003 1.026742e+003 1.746723e+003 5
1.203103e+003 1.586921e+003 1.227835e+003 1.598733e+003 0
1.517085e+003 1.808945e+003 1.487951e+003 1.794733e+003 0
1.556422e+003 1.829020e+003 1.526496e+003 1.813874e+003 0
1.572949e+003 1.720987e+003 1.550802e+003 1.710260e+003 0
1.615174e+003 1.779061e+003 1.588987e+003 1.766428e+003 0
1.801381e+003 1.626138e+003 1.820676e+003 1.613202e+003 18
1.924385e+003 1.497881e+003 1.903113e+003 1.498088e+003 14
2.518853e+003 1.615627e+003 2.518533e+003 1.713135e+003 28
3.631904e+002 5.496146e+002 3.580382e+002 5.241398e+002 11
5.368361e+002 6.821110e+002 5.308347e+002 6.493366e+002 1
9.171063e+002 5.406833e+002 9.645187e+002 5.498843e+002 0
1.369688e+003 1.734943e+003 1.342872e+003 1.721117e+003 0
1.539901e+003 1.570654e+003 1.586778e+003 1.590849e+003 0
2.064375e+003 1.321561e+002 2.039375e+003 1.321512e+002 0
3.008094e+002 8.943336e+002 3.090411e+002 9.309808e+002 1
6.417774e+002 4.911766e+002 7.245607e+002 5.058258e+002 0
1.206625e+003 1.926954e+003 1.143698e+003 1.890344e+003 0
1.242822e+003 1.918989e+003 1.193149e+003 1.890243e+003 0
1.251641e+003 1.639852e+003 1.228052e+003 1.628274e+003 0
1.390793e+003 1.635286e+003 1.370749e+003 1.625374e+003 0
1.537108e+003 1.741404e+003 1.508549e+003 1.727297e+003 0
1.868783e+003 1.347950e+003 1.862752e+003 1.368384e+003 4
1.205875e+003 1.658879e+003 1.232338e+003 1.672206e+003 0
1.221461e+003 1.901328e+003 1.247132e+003 1.916438e+003 0
1.292760e+003 1.623915e+003 1.269935e+003 1.613368e+003 0
1.361159e+003 1.769571e+003 1.334088e+003 1.756178e+003 0
1.386519e+003 4.188107e+001 1.385858e+003 3.099735e+000 1
1.461203e+003 1.820772e+003 1.443365e+003 1.811418e+003 0
1.961887e+003 1.309308e+002 1.919382e+003 1.306934e+002 0
1.996722e+003 1.756054e+003 1.981440e+003 1.735643e+003 20
1.406852e+002 1.350246e+003 2.543260e+002 1.354450e+003 14
3.096146e+002 9.320770e+002 3.143253e+002 9.556349e+002 1
7.579128e+002 5.117995e+002 8.681548e+002 5.317102e+002 0
1.174312e+003 1.643255e+003 1.200985e+003 1.656128e+003 0
1.409128e+003 1.837334e+003 1.388396e+003 1.826197e+003 0
1.424569e+003 1.656482e+003 1.447121e+003 1.667627e+003 0
1.570510e+003 1.795858e+003 1.551467e+003 1.786451e+003 0
1.796950e+003 1.597873e+003 1.789699e+003 1.631676e+003 4
2.172861e+003 1.568218e+003 2.199917e+003 1.579301e+003 0
8.851117e+002 1.030072e+002 8.897222e+002 8.291781e+001 11
1.134418e+003 1.848053e+003 1.116522e+003 1.837473e+003 0
1.294390e+003 1.741844e+003 1.317431e+003 1.753252e+003 0
1.364449e+003 7.306115e+001 1.381847e+003 9.314902e+001 22
1.825244e+003 1.643852e+003 1.806468e+003 1.634015e+003 0
2.024743e+003 1.284666e+003 2.050713e+003 1.299539e+003 27
2.062924e+003 1.788028e+003 2.038164e+003 1.778029e+003 0
6.312931e+002 1.636470e+003 6.118716e+002 1.664373e+003 17
8.093862e+002 2.329710e+002 7.855799e+002 2.312484e+002 0
1.170209e+003 1.636382e+003 1.146501e+003 1.625044e+003 0
1.274116e+003 1.766229e+003 1.215099e+003 1.735382e+003 0
1.639981e+003 1.753215e+003 1.617798e+003 1.742555e+003 0
4.192403e+002 7.664883e+002 4.513288e+002 7.553073e+002 4
8.809815e+002 5.595329e+001 8.759462e+002 2.307581e+001 1
1.384933e+003 1.456215e+002 1.385166e+003 1.831201e+002 1
1.385488e+003 1.831264e+002 1.386538e+003 2.893783e+002 1
1.398945e+003 1.509100e+003 1.441912e+003 1.528041e+003 0
2.329178e+003 2.746273e+002 2.332649e+003 2.429360e+002 9
3.093806e+002 1.628083e+003 2.892371e+002 1.625417e+003 16
5.867395e+002 1.047453e+003 5.691831e+002 1.083638e+003 19
7.794114e+002 1.481752e+003 8.689302e+002 1.402622e+003 4
1.049916e+003 1.802625e+003 1.026725e+003 1.788782e+003 0
1.319948e+003 1.749318e+003 1.299585e+003 1.737756e+003 0
1.340127e+003 1.530661e+003 1.327310e+003 1.513742e+003 15
1.449508e+003 1.616579e+003 1.411296e+003 1.599413e+003 0
1.784470e+003 1.647191e+003 1.779826e+003 1.666981e+003 4
9.868561e+002 3.494279e+001 1.015653e+003 3.414360e+001 0
1.655094e+003 1.211289e+003 1.674455e+003 1.226776e+003 27
1.694386e+003 1.285531e+002 1.638130e+003 1.277741e+002 0
1.028434e+003 5.599973e+002 1.122115e+003 5.754169e+002 0
1.094323e+003 1.918263e+002 1.129420e+003 1.933318e+002 0
1.148490e+003 1.719920e+003 1.094356e+003 1.691911e+003 0
1.549416e+003 1.273751e+002 1.526874e+003 1.269142e+002 0
1.717149e+003 1.189343e+003 1.754446e+003 1.180940e+003 14
2.003137e+003 1.313976e+002 1.971871e+003 1.311786e+002 0
2.894859e+002 1.625855e+003 1.908152e+002 1.615126e+003 16
1.121550e+003 4.822346e+001 1.119828e+003 2.067484e+001 3
1.278675e+003 1.536801e+003 1.252923e+003 1.526111e+003 0
1.718222e+003 1.807169e+003 1.734258e+003 1.787813e+003 5
1.822590e+003 1.504317e+003 1.820239e+003 1.525856e+003 4
4.731211e+002 1.689387e+003 5.106097e+002 1.701921e+003 22
5.174871e+002 8.760516e+002 5.074746e+002 8.317395e+002 1
1.128467e+003 1.651230e+003 1.105210e+003 1.638908e+003 0
1.194635e+003 2.817281e+002 1.150695e+003 2.774123e+002 0
1.767232e+003 1.755256e+003 1.756768e+003 1.780581e+003 13
1.770992e+003 1.800029e+003 1.790373e+003 1.771298e+003 5
2.179367e+003 1.500766e+003 2.204427e+003 1.502218e+003 14
2.439759e+003 1.870726e+003 2.417563e+003 1.856501e+003 15
6.906198e+002 1.368195e+003 7.280963e+002 1.371008e+003 10
1.002046e+003 1.979740e+002 9.974873e+002 2.305357e+002 29
1.123123e+003 5.756342e+002 1.349548e+003 6.133387e+002 0
1.214701e+003 1.866010e+003 1.185538e+003 1.849529e+003 0
1.516641e+003 1.895078e+003 1.493577e+003 1.882037e+003 0
1.673469e+003 1.628548e+003 1.694245e+003 1.637187e+003 0
1.761902e+003 6.817012e+002 1.834595e+003 6.929516e+002 0
1.960737e+003 1.897995e+003 1.942581e+003 1.882308e+003 15
2.043255e+003 7.260879e+002 2.105902e+003 7.364533e+002 0
7.969229e+002 1.329741e+003 7.895580e+002 1.305569e+003 21
1.160200e+003 1.667659e+003 1.130205e+003 1.651400e+003 0
1.192899e+003 1.890102e+003 1.160800e+003 1.871572e+003 0
1.196698e+003 1.725961e+003 1.171991e+003 1.712905e+003 0
1.229339e+003 1.594452e+003 1.206545e+003 1.583833e+003 0
1.476976e+003 1.156516e+003 1.527208e+003 1.170695e+003 0
2.000419e+003 7.194552e+002 2.025779e+003 7.233810e+002 0
5.697231e+002 1.082921e+003 5.684411e+002 1.104319e+003 11
8.989229e+002 2.581632e+002 8.858308e+002 1.032132e+002 1
9.985436e+002 1.776163e+003 9.621531e+002 1.754779e+003 0
1.091836e+003 1.844391e+002 1.089098e+003 1.293888e+002 3
1.136064e+003 1.699781e+003 1.154401e+003 1.709325e+003 0
1.547753e+003 1.910248e+003 1.528975e+003 1.900115e+003 0
1.736881e+003 1.290869e+002 1.708144e+003 1.284835e+002 0
5.250950e+002 9.132257e+002 5.181844e+002 8.768637e+002 1
6.214008e+002 1.393297e+003 6.354048e+002 1.373343e+003 23
9.742565e+002 3.563332e+001 9.719722e+002 3.118173e+000 1
1.068314e+003 1.663557e+003 1.214386e+003 1.538560e+003 25
1.299646e+003 1.700065e+003 1.274982e+003 1.688121e+003 0
1.463034e+003 1.537087e+003 1.512944e+003 1.558545e+003 0
1.615529e+003 1.934059e+003 1.636165e+003 1.908562e+003 5
1.821725e+003 1.613160e+003 1.845574e+003 1.610212e+003 31
1.837745e+003 1.617057e+003 1.812074e+003 1.626184e+003 18
1.979051e+003 1.736067e+003 1.954246e+003 1.717849e+003 15
7.231080e+002 1.374610e+003 6.893538e+002 1.372168e+003 10
1.236679e+003 2.427828e+002 1.229726e+003 2.213555e+002 6
1.276254e+003 1.934400e+003 1.252630e+003 1.922892e+003 0
1.290497e+003 1.733386e+003 1.263893e+003 1.720360e+003 0
1.586636e+003 1.929860e+003 1.561072e+003 1.917255e+003 0
1.952222e+003 1.705165e+003 1.979963e+003 1.726095e+003 15
3.222354e+002 9.884834e+002 3.257318e+002 1.009357e+003 1
6.492607e+002 1.364632e+003 6.854920e+002 1.367379e+003 10
9.190439e+002 2.884665e+002 9.044401e+002 2.743079e+002 2
1.066023e+003 1.712160e+003 1.038000e+003 1.736900e+003 5
1.303829e+003 1.546919e+003 1.280085e+003 1.536904e+003 0
4.131506e+002 1.666808e+003 3.256074e+002 1.633171e+003 22
4.507008e+002 7.560125e+002 4.732836e+002 7.554198e+002 10
5.005571e+002 1.363122e+003 5.243382e+002 1.340586e+003 17
7.709489e+002 1.489758e+003 6.882974e+002 1.559579e+003 4
1.010971e+003 1.767479e+003 1.030219e+003 1.777800e+003 0
1.189042e+003 1.610085e+003 1.158615e+003 1.595829e+003 0
1.367811e+003 1.496413e+003 1.398423e+003 1.508628e+003 0
1.510498e+003 1.692123e+003 1.490618e+003 1.681889e+003 0
1.849198e+003 1.864407e+003 1.845583e+003 1.844383e+003 12
1.900624e+003 1.303394e+002 1.869368e+003 1.304892e+002 0
2.531563e+003 1.888670e+003 2.536191e+003 1.911246e+003 4
1.032477e+003 2.043606e+002 1.033044e+003 2.281269e+002 1
1.116145e+003 1.840947e+003 1.144419e+003 1.856796e+003 0
1.257633e+003 1.716655e+003 1.232905e+003 1.704836e+003 0
1.670571e+003 1.766995e+003 1.648705e+003 1.757105e+003 0
1.983472e+003 1.729137e+003 1.997592e+003 1.749740e+003 20
2.030531e+003 1.528614e+003 2.050745e+003 1.532498e+003 0
5.492487e+002 8.115465e+002 5.204333e+002 8.226265e+002 4
5.736828e+002 7.946843e+002 5.503036e+002 8.118870e+002 12
1.326549e+003 1.513532e+003 1.308068e+003 1.493286e+003 15
1.839835e+003 1.815585e+003 1.841549e+003 1.781795e+003 4
1.909530e+003 1.520744e+003 1.924615e+003 1.501099e+003 6
1.935059e+003 7.092441e+002 2.000225e+003 7.194331e+002 0
9.006260e+002 7.127765e+001 1.135627e+003 7.165195e+001 0
1.449449e+003 1.662969e+003 1.429244e+003 1.653403e+003 0
1.733191e+003 1.710995e+003 1.754415e+003 1.712593e+003 29
2.085898e+003 1.312807e+003 2.063672e+003 1.293738e+003 20
6.106685e+002 1.665316e+003 5.704113e+002 1.659641e+003 16
6.692888e+002 1.071551e+003 6.514977e+002 1.086653e+003 17
8.915687e+002 1.049433e+003 9.154709e+002 1.055033e+003 7
9.768712e+002 1.171240e+001 1.059356e+003 9.806087e+000 0
1.022911e+003 1.375111e+003 9.807021e+002 1.362859e+003 7
1.086121e+003 1.693650e+003 1.066810e+003 1.711881e+003 5
1.233414e+003 1.667433e+003 1.214651e+003 1.657458e+003 0
1.307963e+003 2.857265e+002 1.309834e+003 2.656678e+002 3
1.842469e+003 1.779488e+003 1.847773e+003 1.751571e+003 4
2.167912e+003 7.457312e+002 2.191664e+003 7.494689e+002 0
7.539313e+002 1.094846e+003 7.768340e+002 1.081803e+003 13
9.593765e+002 6.363231e+001 8.881243e+002 6.348859e+001 0
1.176594e+003 1.868629e+003 1.195681e+003 1.879274e+003 0
1.205778e+003 1.867840e+003 1.183642e+003 1.855916e+003 0
1.541944e+003 1.706741e+003 1.520053e+003 1.695487e+003 0
1.598795e+003 1.590695e+003 1.576713e+003 1.580994e+003 0
1.867260e+003 1.474365e+003 1.845084e+003 1.458901e+003 15
1.836665e+003 6.931678e+002 1.890216e+003 7.018861e+002 0
5.390532e+002 8.238154e+002 5.482620e+002 8.596609e+002 1
9.180831e+002 1.197652e+003 9.393872e+002 1.195763e+003 8
1.059386e+003 1.383616e+001 1.001880e+003 1.472702e+001 0
2.020670e+003 1.218822e+003 2.043225e+003 1.220638e+003 24
2.281890e+003 1.362338e+003 2.259333e+003 1.363070e+003 14
2.301882e+003 5.027722e+002 2.305736e+003 4.618855e+002 9
3.044485e+002 1.364792e+003 2.456050e+002 1.359602e+003 10
5.080197e+002 5.456429e+002 5.135450e+002 5.780534e+002 1
1.703291e+003 1.855763e+003 1.683424e+003 1.879624e+003 5
1.838536e+003 1.451991e+003 1.846996e+003 1.421909e+003 4
2.162449e+003 1.230812e+002 2.161148e+003 1.431589e+002 2
2.418008e+003 1.809513e+003 2.402462e+003 1.796412e+003 27
2.143837e+002 9.025975e+001 1.618540e+002 8.900697e+001 0
5.143315e+002 8.240251e+002 4.706345e+002 8.294514e+002 5
1.051929e+003 2.961500e+002 1.099351e+003 2.996970e+002 0
1.683376e+003 1.880981e+003 1.663373e+003 1.903347e+003 5
1.685138e+003 1.846693e+003 1.717523e+003 1.807410e+003 5
6.249668e-001 6.758834e-001 1.031249e+002 7.427843e-001 23
3.869093e+002 1.529065e+003 3.668778e+002 1.526849e+003 2
6.245651e+002 1.089972e+003 5.733329e+002 1.106278e+003 5
7.371625e+002 1.363364e+003 7.167079e+002 1.387986e+003 17
7.571071e+002 1.296245e+003 7.351532e+002 1.288155e+003 2
9.142853e+002 1.063475e+003 9.492352e+002 1.072421e+003 7
1.218379e+003 1.139589e+003 1.170677e+003 1.127915e+003 7
1.233104e+003 1.566920e+003 1.252733e+003 1.576337e+003 0
1.349758e+003 6.133335e+002 1.429007e+003 6.265760e+002 0
1.582006e+003 9.527682e+001 1.574144e+003 1.205530e+002 3
1.711723e+003 6.727432e+002 1.746958e+003 6.789023e+002 0
4.135306e+002 8.247941e+002 3.954562e+002 8.159708e+002 0
9.568776e+002 1.253490e+002 9.368675e+002 1.251579e+002 0
9.657314e+002 5.488575e+002 1.009680e+003 5.578939e+002 0
1.430629e+003 6.268476e+002 1.497164e+003 6.375832e+002 0
1.590695e+003 1.197910e+003 1.551959e+003 1.185365e+003 0
1.591788e+003 6.536534e+002 1.614696e+003 6.574296e+002 0
1.671533e+003 6.664366e+002 1.704173e+003 6.718439e+002 0
2.462962e+003 7.951702e+002 2.485716e+003 7.969825e+002 0
2.231526e+002 1.357656e+003 1.456274e+002 1.353084e+003 10
9.348653e+002 1.255868e+002 9.426530e+002 2.255644e+002 1
9.655825e+002 2.253558e+002 9.930851e+002 2.265469e+002 0
1.138124e+003 7.169906e+001 1.359376e+003 7.148630e+001 0
2.095325e+003 1.459883e+003 2.114480e+003 1.452135e+003 18
2.406624e+002 1.356395e+003 3.068994e+002 1.361563e+003 10
3.906622e+002 1.046137e+003 4.632332e+002 1.040864e+003 26
6.381655e+002 1.373156e+003 6.512368e+002 1.356094e+003 23
7.621871e+002 1.454603e+003 7.036178e+002 1.534735e+003 17
9.008519e+002 1.371189e+003 8.667045e+002 1.359890e+003 2
9.388970e+002 1.049697e+003 9.142731e+002 1.042210e+003 7
1.063129e+003 6.342612e+001 9.706233e+002 6.363682e+001 0
9.895239e+002 1.411394e+003 1.026922e+003 1.422972e+003 2
1.083238e+003 1.333268e+003 1.123697e+003 1.301350e+003 13
1.226624e+003 1.558655e+003 1.207926e+003 1.549795e+003 0
1.594276e+003 1.672073e+003 1.550765e+003 1.650345e+003 0
2.110015e+003 5.408046e+001 2.100295e+003 7.421558e+001 3
2.132069e+003 1.595154e+003 2.105595e+003 1.601756e+003 18
4.706746e+002 8.294545e+002 4.305348e+002 8.277524e+002 10
6.895543e+002 1.549505e+003 8.229622e+002 1.365507e+003 17
9.306314e+002 1.063099e+003 8.879603e+002 1.052541e+003 7
1.316362e+003 2.231360e+002 1.314569e+003 1.393708e+002 1
2.294246e+003 7.665195e+002 2.314721e+003 7.694723e+002 0
2.463313e+003 1.310410e+003 2.460940e+003 1.335887e+003 9
2.796925e+002 5.405434e+001 2.874071e+002 9.176616e+001 11
5.550190e+002 8.977157e+002 5.594831e+002 9.183718e+002 1
7.274755e+002 1.289607e+003 7.357007e+002 1.312652e+003 21
1.294377e+003 6.266848e+001 1.134375e+003 6.316361e+001 0
1.350629e+003 6.236537e+001 1.324370e+003 6.258807e+001 0
1.615377e+003 6.571365e+002 1.655125e+003 6.636686e+002 0
1.938176e+003 1.883068e+003 1.961256e+003 1.903668e+003 15
2.486500e+003 7.975110e+002 2.514868e+003 8.031447e+002 0
4.806020e+002 7.528907e+002 5.306292e+002 7.526014e+002 10
5.504223e+002 7.610411e+002 5.689954e+002 7.700881e+002 0
7.572089e+002 1.334635e+003 7.980308e+002 1.348404e+003 2
1.137139e+003 1.343601e+002 1.138761e+003 1.631596e+002 3
1.223247e+003 1.699119e+003 1.200002e+003 1.688057e+003 0
1.554157e+003 6.467963e+002 1.590991e+003 6.536614e+002 0
1.667019e+003 1.869734e+003 1.680481e+003 1.853009e+003 5
1.753837e+003 1.198257e+003 1.785564e+003 1.182998e+003 31
1.005608e+003 2.364438e+001 9.843703e+002 2.382707e+001 0
1.596877e+003 1.274024e+002 1.561874e+003 1.274434e+002 0
2.022787e+003 1.395633e+003 2.052938e+003 1.387436e+003 31
2.236603e+003 1.300442e+003 2.259695e+003 1.296059e+003 14
1.211862e+003 3.082904e+002 1.266905e+003 3.127537e+002 0
2.172586e+003 2.057640e+001 2.167616e+003 7.569180e+001 2
2.486419e+003 1.847884e+003 2.476209e+003 1.867184e+003 8
8.405384e+002 1.402403e+003 8.643950e+002 1.399541e+003 8
9.158309e+002 1.382511e+003 8.869755e+002 1.372826e+003 2
1.934381e+003 6.117900e+000 1.954390e+003 6.276227e+000 0
2.406308e+002 4.318438e+002 2.167771e+002 4.274006e+002 0
2.755942e+002 3.164336e+001 2.794357e+002 5.186347e+001 1
1.842985e+003 1.754351e+003 1.837578e+003 1.785746e+003 4
2.166693e+003 7.936493e+001 2.165517e+003 1.006190e+002 2
4.439576e+002 6.266337e+002 4.366917e+002 6.015658e+002 1
6.895015e+002 1.023284e+003 6.631710e+002 1.020229e+003 7
8.774049e+002 3.076294e+000 8.816623e+002 4.939455e+001 1
8.469602e+002 1.364100e+003 8.922610e+002 1.378128e+003 2
1.273710e+003 1.896196e+003 1.252858e+003 1.916603e+003 5
1.830128e+003 1.487061e+003 1.837548e+003 1.457041e+003 4
2.125811e+003 1.635014e+003 2.150438e+003 1.642490e+003 0
2.588635e+003 1.873124e+003 2.588671e+003 1.851874e+003 28
3.843881e+002 1.369180e+003 3.044144e+002 1.363791e+003 10
6.356253e+002 5.906455e+001 6.706265e+002 5.909811e+001 0
6.994150e+002 1.105441e+003 6.656657e+002 1.106708e+003 8
7.841349e+002 1.426472e+003 8.086294e+002 1.411874e+003 5
9.605964e+002 2.709728e+002 1.014394e+003 2.753932e+002 0
1.650123e+003 1.917249e+003 1.636090e+003 1.934519e+003 5
2.114913e+003 1.593173e+003 2.135701e+003 1.584559e+003 18
3.933182e+002 1.634201e+003 3.155540e+002 1.623648e+003 16
4.294639e+002 1.637496e+003 3.918318e+002 1.632181e+003 16
4.718848e+002 1.162111e+003 4.493199e+002 1.163047e+003 8
6.668311e+002 1.102474e+003 7.181848e+002 1.099012e+003 8
9.793137e+002 4.717656e+001 9.993914e+002 4.587925e+001 0
1.243245e+003 2.618731e+002 1.242870e+003 2.381290e+002 3
1.263290e+003 1.364431e+003 1.271437e+003 1.340476e+003 12
2.026385e+003 8.543973e+001 2.020926e+003 6.305154e+001 16
5.256251e+002 6.407354e+001 5.043752e+002 6.407588e+001 0
5.206059e+002 5.823976e+001 5.681316e+002 5.890434e+001 0
8.252861e+002 1.366633e+003 7.826960e+002 1.426212e+003 17
8.492527e+002 1.666026e+003 8.288622e+002 1.659806e+003 16
1.015627e+003 4.946693e+001 9.793658e+002 5.006392e+001 0
4.479357e+002 1.678591e+003 4.728789e+002 1.688730e+003 22
1.018117e+003 4.598938e+001 1.050637e+003 4.568818e+001 0
1.382966e+003 1.756269e+002 1.382140e+003 1.068718e+002 1
2.094790e+003 1.261135e+003 2.105293e+003 1.278328e+003 19
2.475150e+003 1.359974e+003 2.492588e+003 1.373802e+003 20
2.306927e+002 2.662565e+002 1.906256e+002 2.618694e+002 0
6.008392e+002 1.011976e+003 5.872336e+002 1.040794e+003 19
8.315281e+002 1.438984e+003 8.103392e+002 1.457803e+003 4
9.753144e+002 1.364135e+003 9.945511e+002 1.370052e+003 2
1.048889e+003 1.032596e+003 1.001740e+003 1.000826e+003 2
1.060627e+003 3.072967e+001 1.028088e+003 3.146005e+001 0
1.075484e+003 1.685903e+003 1.056046e+003 1.676045e+003 0
1.209340e+003 2.043507e+002 1.222249e+003 1.858863e+002 24
1.502530e+003 1.343763e+002 1.502666e+003 6.312413e+001 1
2.547880e+003 1.072310e+003 2.521817e+003 1.068521e+003 0
3.693065e+002 1.377290e+003 3.942455e+002 1.381409e+003 2
5.291505e+002 7.566306e+002 5.492643e+002 7.611207e+002 7
7.995064e+002 1.419545e+003 7.777250e+002 1.436357e+003 13
8.744294e+002 1.666806e+003 8.505654e+002 1.665823e+003 2
1.009499e+003 1.063270e+003 9.856277e+002 1.060600e+003 7
1.088126e+003 1.280741e+002 1.065610e+003 1.276129e+002 0
1.158933e+003 1.831375e+003 1.179247e+003 1.843342e+003 0
1.364051e+003 1.490115e+003 1.318944e+003 1.470359e+003 0
1.450200e+003 1.129386e+003 1.509390e+003 1.149331e+003 0
2.544197e+003 1.066832e+003 2.568163e+003 1.070368e+003 0
2.545318e+003 8.077040e+002 2.566657e+003 8.108527e+002 0
3.855712e+002 1.366039e+003 4.057180e+002 1.368660e+003 2
5.842349e+002 1.039306e+003 5.961566e+002 1.015269e+003 19
6.555908e+002 1.351258e+003 6.868846e+002 1.352948e+003 10
6.717942e+002 5.961550e+001 6.967885e+002 6.097032e+001 0
1.063125e+003 4.941848e+001 1.023125e+003 4.931705e+001 0
1.833794e+003 1.639189e+003 1.861816e+003 1.654483e+003 0
2.588903e+003 1.290486e+003 2.582979e+003 1.310582e+003 9
3.380938e+002 1.044101e+003 3.893713e+002 1.045742e+003 8
8.593010e+002 1.402731e+003 8.217181e+002 1.409789e+003 8
9.943606e+002 1.261519e+002 9.655979e+002 1.253666e+002 0
1.153886e+003 1.307509e+003 1.254212e+003 1.227920e+003 13
1.169361e+003 2.908705e+002 1.193102e+003 2.922619e+002 0
1.502604e+003 6.064081e+001 1.503065e+003 3.937370e+001 1
2.199653e+003 1.319785e+003 2.222035e+003 1.304612e+003 18
4.372840e+002 1.677112e+003 4.133927e+002 1.667462e+003 22
4.581201e+002 1.370683e+003 4.831523e+002 1.372803e+003 10
8.167680e+002 1.409004e+003 8.395391e+002 1.402445e+003 8
1.124631e+003 1.300665e+003 1.172609e+003 1.261247e+003 13
1.137507e+003 1.819529e+003 1.157781e+003 1.831221e+003 0
1.201862e+003 2.933128e+002 1.223184e+003 2.947538e+002 0
1.903129e+003 1.172544e+003 1.936887e+003 1.172799e+003 24
2.456255e+002 9.058130e+001 2.156250e+002 9.056985e+001 0
5.644365e+002 1.655131e+003 4.305815e+002 1.638475e+003 16
4.807035e+002 1.375341e+003 4.243452e+002 1.372459e+003 10
6.392313e+002 6.324966e+002 6.720030e+002 6.400712e+002 0
8.653008e+002 1.031168e+003 8.968019e+002 1.016716e+003 13
1.245103e+003 1.204151e+003 1.261463e+003 1.192544e+003 13
1.323125e+003 6.261383e+001 1.296875e+003 6.260065e+001 0
1.636926e+003 1.277812e+002 1.613041e+003 1.270207e+002 0
4.992436e+002 4.918944e+002 5.029317e+002 5.169035e+002 1
8.206169e+002 1.410607e+003 8.001987e+002 1.419664e+003 5
9.453028e+002 1.395343e+003 9.858062e+002 1.408831e+003 2
9.781088e+002 2.861737e+001 1.060651e+003 2.684664e+001 0
1.000802e+003 1.005366e+003 1.045405e+003 1.035947e+003 2
1.111866e+003 3.007428e+002 1.173134e+003 3.055104e+002 0
1.375671e+003 6.196661e+001 1.350615e+003 6.282994e+001 0
1.384436e+003 1.581739e+003 1.365587e+003 1.573209e+003 0
1.502658e+003 3.063369e+001 1.502963e+003 3.123208e+000 1
1.843732e+003 1.504078e+003 1.865397e+003 1.495075e+003 3
2.054707e+003 1.391523e+003 2.033577e+003 1.399347e+003 3
2.100615e+003 1.493972e+003 2.123132e+003 1.493438e+003 14
2.437193e+003 1.819682e+003 2.417690e+003 1.808013e+003 15
6.611684e+001 6.308674e+002 5.937437e+001 6.097748e+002 1
4.069075e+002 1.360142e+003 3.718979e+002 1.357784e+003 10
4.365623e+002 1.006753e+002 4.329056e+002 7.795910e+001 1
7.357179e+002 1.100024e+003 7.005444e+002 1.105063e+003 25
8.656600e+002 1.409415e+003 8.350755e+002 1.436249e+003 4
1.009314e+003 2.926458e+002 1.049361e+003 2.957979e+002 0
1.172803e+003 1.260207e+003 1.244888e+003 1.204668e+003 13
2.322087e+003 1.517119e+003 2.300228e+003 1.512505e+003 0
4.219748e+002 1.373388e+003 3.893033e+002 1.370083e+003 10
9.193179e+002 2.849563e+002 9.492742e+002 2.879008e+002 0
1.184390e+003 1.845598e+003 1.212849e+003 1.861130e+003 0
1.878442e+003 1.232089e+003 1.864851e+003 1.252197e+003 18
2.545475e+003 5.969293e+002 2.570716e+003 5.998402e+002 0
3.618427e+002 1.533428e+003 3.880603e+002 1.536230e+003 2
3.814257e+002 1.115027e+003 3.588790e+002 1.142721e+003 19
4.068365e+002 1.368942e+003 4.531014e+002 1.371125e+003 10
4.206261e+002 8.131917e-001 4.656246e+002 5.571221e-001 0
5.207240e+002 1.113638e+003 4.980848e+002 1.114909e+003 8
6.406619e+002 1.466449e+003 6.668241e+002 1.468713e+003 2
2.198982e+003 1.772783e+003 2.185012e+003 1.788842e+003 8
2.468310e+003 1.881287e+003 2.457755e+003 1.900421e+003 8
4.252224e+002 5.856816e+002 4.368294e+002 6.683070e+002 11
6.593224e+002 1.068049e+003 6.387870e+002 1.082276e+003 4
6.392676e+002 1.414496e+003 6.656495e+002 1.416562e+003 10
8.171007e+002 1.332452e+003 8.365874e+002 1.338983e+003 2
9.656259e+002 9.981137e+000 9.381224e+002 1.001877e+001 0
1.225589e+003 1.868186e+003 1.273043e+003 1.895766e+003 0
1.256189e+003 1.399478e+003 1.260297e+003 1.377044e+003 12
1.953058e+003 1.718371e+003 1.936379e+003 1.703688e+003 15
2.403113e+003 1.648046e+003 2.424811e+003 1.644712e+003 31
2.806637e+002 1.216919e+003 2.388671e+002 1.253962e+003 12
7.118740e+002 5.986865e+001 7.406264e+002 5.992616e+001 0
9.018788e+002 6.011871e+001 9.681271e+002 5.978064e+001 0
1.267960e+003 3.122813e+002 1.298158e+003 3.152927e+002 0
1.366587e+003 1.898662e+003 1.388300e+003 1.910299e+003 0
9.756223e+002 5.994628e+001 1.060626e+003 5.960475e+001 0
1.181879e+003 7.501837e+001 1.144381e+003 7.527103e+001 0
1.198138e+003 1.350923e+002 1.168095e+003 1.343515e+002 0
1.342039e+003 1.486457e+003 1.364082e+003 1.495120e+003 0
1.657024e+003 9.279223e+001 1.635446e+003 9.427822e+001 0
2.289841e+003 1.869001e+003 2.303166e+003 1.885592e+003 19
2.379501e+003 1.033929e+003 2.358181e+003 1.027924e+003 0
2.073129e+002 1.588498e+003 1.883152e+002 1.610787e+003 12
2.389547e+002 1.255330e+003 1.608332e+002 1.323175e+003 12
6.230135e+002 6.449949e+002 6.468903e+002 6.492899e+002 0
1.196598e+003 1.276550e+003 1.164443e+003 1.304029e+003 13
1.296847e+003 5.792097e+001 1.328109e+003 5.874802e+001 0
1.603295e+002 1.322925e+003 1.348146e+002 1.346109e+003 12
5.356843e+002 1.403823e+003 5.569570e+002 1.406113e+003 2
1.164066e+003 1.302751e+003 1.139379e+003 1.323130e+003 13
1.200623e+003 5.920935e+001 1.245631e+003 5.874152e+001 0
1.595703e+003 1.181631e+003 1.571624e+003 1.173906e+003 0
1.810645e+003 1.298022e+002 1.779353e+003 1.290371e+002 0
3.025878e+002 1.366459e+003 2.676508e+002 1.396320e+003 17
4.368556e+002 1.634562e+003 4.718675e+002 1.638197e+003 16
7.543746e+002 6.122991e+001 7.818764e+002 6.125042e+001 0
1.136876e+003 5.941729e+001 1.156895e+003 5.893105e+001 0
1.137237e+003 1.753666e+003 1.163627e+003 1.767142e+003 0
1.179373e+003 5.888286e+001 1.199376e+003 5.885554e+001 0
1.559327e+003 1.165792e+003 1.586723e+003 1.173656e+003 0
4.408844e+001 5.422499e+002 3.913089e+001 5.219346e+002 1
3.583174e+002 1.143327e+003 2.814083e+002 1.216449e+003 23
4.681268e+002 1.361546e+003 4.118717e+002 1.361242e+003 14
8.229018e+002 1.614068e+003 8.431184e+002 1.599366e+003 13
8.717084e+002 1.349887e+003 8.931306e+002 1.356858e+003 2
9.393506e+002 6.279564e+000 9.631631e+002 5.304387e+000 0
9.909804e+002 2.106506e+002 9.928809e+002 1.842674e+002 14
1.181794e+003 7.572610e+002 1.227862e+003 7.668856e+002 0
1.263300e+003 1.224598e+003 1.198264e+003 1.275802e+003 13
2.320891e+003 1.905352e+003 2.348919e+003 1.933578e+003 27
1.985456e+002 1.560857e+003 1.784276e+002 1.577246e+003 17
9.201441e+002 1.471696e+003 9.020853e+002 1.484668e+003 13
1.272459e+003 1.183385e+003 1.290573e+003 1.171191e+003 13
1.868142e+003 1.598496e+002 1.834354e+003 1.591280e+002 0
2.163446e+003 9.189857e+001 2.165195e+003 6.809339e+001 2
9.333813e+001 7.468373e+002 8.979736e+001 7.268004e+002 1
1.287325e+002 8.882586e+002 1.243415e+002 8.671419e+002 1
2.665382e+002 1.396691e+003 2.153653e+002 1.440531e+003 17
8.883119e+002 1.487236e+003 9.111553e+002 1.475398e+003 5
1.400734e+003 1.114021e+003 1.436658e+003 1.125079e+003 0
1.708128e+003 8.831060e+002 1.687861e+003 8.796915e+002 0
2.271655e+003 1.752739e+003 2.284624e+003 1.737285e+003 8
2.339411e+003 6.116053e+002 2.302974e+003 6.067598e+002 0
5.780991e+002 1.508370e+003 6.106316e+002 1.511813e+003 2
9.139309e+002 1.648982e+003 9.287507e+002 1.635040e+003 13
2.053130e+003 1.625297e+002 2.023122e+003 1.622673e+002 0
2.213805e+003 9.879908e+002 2.235882e+003 9.933060e+002 0
1.279337e+003 1.194324e+003 1.259191e+003 1.209125e+003 13
1.310626e+003 7.503821e+001 1.283124e+003 7.496976e+001 0
1.302617e+003 7.843049e+002 1.325677e+003 7.891245e+002 0
1.574253e+003 8.474612e+002 1.598010e+003 8.524250e+002 0
1.605803e+003 1.180098e+003 1.652253e+003 1.195753e+003 0
2.677745e+002 5.258480e+002 2.916594e+002 5.315313e+002 0
3.330077e+002 1.622907e+003 4.169514e+002 1.632454e+003 16
4.156667e+002 1.114118e+003 3.818189e+002 1.115541e+003 8
5.143589e+002 1.640714e+003 5.394423e+002 1.645253e+003 16
6.143253e+002 1.411100e+003 6.343677e+002 1.413195e+003 2
1.318909e+003 1.155828e+003 1.325453e+003 1.130580e+003 12
1.330617e+003 5.842144e+001 1.370614e+003 5.807450e+001 0
2.462668e+003 1.219865e+002 2.458464e+003 1.519226e+002 9
5.380901e+002 1.083979e+003 5.031484e+002 1.082552e+003 8
5.031324e+002 1.087884e+003 5.380995e+002 1.088956e+003 8
1.808108e+003 1.170696e+003 1.831732e+003 1.176234e+003 0
1.992822e+003 1.542617e+003 2.013075e+003 1.530542e+003 18
7.518433e+001 6.691382e+002 6.939964e+001 6.493678e+002 1
1.065763e+003 7.357017e+002 1.043423e+003 7.330828e+002 0
1.182125e+003 1.743900e+003 1.149926e+003 1.726953e+003 0
1.216981e+003 1.054060e+003 1.247321e+003 1.064303e+003 0
1.318297e+003 1.852052e+003 1.303708e+003 1.866187e+003 5
1.505008e+003 7.812670e+001 1.505090e+003 1.081265e+002 1
2.133565e+002 1.441937e+003 1.622030e+002 1.485800e+003 17
5.993246e+002 1.486038e+003 6.193323e+002 1.488476e+003 2
6.682734e+002 6.538491e+002 6.907466e+002 6.601942e+002 0
7.443297e+002 6.570820e+002 7.828714e+002 6.655318e+002 0
9.178593e+002 7.116888e+002 9.431548e+002 7.180056e+002 0
1.384485e+003 2.818719e+002 1.383550e+003 2.481132e+002 1
1.415912e+003 1.123910e+003 1.395236e+003 1.120445e+003 0
1.589456e+002 1.488851e+003 1.134885e+002 1.526069e+003 17
2.908144e+002 1.469498e+003 2.594009e+002 1.464221e+003 2
7.941312e+002 1.494824e+003 7.724791e+002 1.483064e+003 0
1.212000e+003 7.687344e+002 1.186742e+003 7.638071e+002 0
1.270859e+003 1.077314e+003 1.247275e+003 1.070494e+003 0
6.093736e+002 1.514390e+003 5.893154e+002 1.512512e+003 2
8.707635e+002 1.496391e+003 8.468902e+002 1.500709e+003 8
2.645103e+002 1.287015e+003 2.791546e+002 1.272896e+003 12
6.893595e+002 1.353325e+003 7.405922e+002 1.357298e+003 10
1.095631e+003 7.479504e+001 1.074368e+003 7.508221e+001 0
1.624379e+003 1.554709e+002 1.603111e+003 1.548678e+002 0
1.530100e+002 1.553975e+003 1.794526e+002 1.557551e+003 16
1.133453e+003 7.532497e+002 1.111849e+003 7.469629e+002 0
1.332578e+003 1.315820e+003 1.342715e+003 1.279261e+003 12
4.143748e+002 1.358110e+003 4.506176e+002 1.357598e+003 14
6.835032e+002 8.867220e+002 6.591631e+002 8.801609e+002 7
1.322233e+003 1.089356e+003 1.345865e+003 1.096025e+003 0
5.404472e+002 1.646238e+003 5.605674e+002 1.652073e+003 16
7.732751e+002 1.327652e+003 7.529427e+002 1.321199e+003 2
1.505491e+003 2.187560e+001 1.505608e+003 4.812508e+001 1
3.956454e+002 1.316530e+003 3.706587e+002 1.315054e+003 10
5.881511e+002 6.638643e+001 5.680748e+002 6.531384e+001 0
4.880642e+002 1.399948e+003 5.081039e+002 1.402074e+003 2
3.318141e+002 1.362072e+003 3.543833e+002 1.360768e+003 14
